7.106941495255024677e+01 2.500000000000000000e+00
6.200124326303343025e+01 -2.500000000000000000e+00
5.293307157351661374e+01 2.500000000000000000e+00
4.386489988399979723e+01 -2.500000000000000000e+00
5.233596498482612702e+01 2.500000000000000000e+00
6.080703008565245682e+01 -2.500000000000000000e+00
6.177456977404120408e+01 2.500000000000000000e+00
6.274210946242995135e+01 -2.500000000000000000e+00
6.370964915081869862e+01 2.500000000000000000e+00
6.467718883920744588e+01 -2.500000000000000000e+00
6.564472852759618604e+01 2.500000000000000000e+00
6.661226821598492620e+01 -2.500000000000000000e+00
6.757980790437366636e+01 2.500000000000000000e+00
6.854734759276240652e+01 -2.500000000000000000e+00
6.951488728115114668e+01 2.500000000000000000e+00
7.048242696953988684e+01 -2.500000000000000000e+00
7.144996665792862700e+01 2.500000000000000000e+00
7.241750634631736716e+01 -2.500000000000000000e+00
7.338504603470610732e+01 2.500000000000000000e+00
7.435258572309484748e+01 -2.500000000000000000e+00
7.500000000000000000e+01 8.456729717377582389e-01
