1.487273691628184338e+02 5.000000000000000000e+00
1.472810707583854253e+02 0.000000000000000000e+00
1.458347723539524168e+02 5.000000000000000000e+00
1.443884739495194083e+02 0.000000000000000000e+00
1.429421755450863998e+02 5.000000000000000000e+00
1.414958771406533913e+02 0.000000000000000000e+00
1.400495787362203828e+02 5.000000000000000000e+00
1.386032803317873743e+02 0.000000000000000000e+00
1.371569819273543658e+02 5.000000000000000000e+00
1.357106835229213573e+02 0.000000000000000000e+00
1.368400346648713821e+02 5.000000000000000000e+00
1.379693858068214070e+02 0.000000000000000000e+00
1.390987369487714318e+02 5.000000000000000000e+00
1.402280880907214566e+02 0.000000000000000000e+00
1.413574392326714815e+02 5.000000000000000000e+00
1.424867903746215063e+02 0.000000000000000000e+00
1.436161415165715312e+02 5.000000000000000000e+00
1.447454926585215560e+02 0.000000000000000000e+00
1.458748438004715808e+02 5.000000000000000000e+00
1.470041949424216057e+02 0.000000000000000000e+00
1.481335460843716305e+02 5.000000000000000000e+00
1.492628972263216554e+02 0.000000000000000000e+00
1.500000000000000000e+02 3.263390571357663195e+00
