7.390558713835253002e+01 2.500000000000000000e+00
7.213089852771972232e+01 -2.500000000000000000e+00
7.035620991708691463e+01 2.500000000000000000e+00
6.858152130645410693e+01 -2.500000000000000000e+00
6.680683269582129924e+01 2.500000000000000000e+00
6.503214408518849154e+01 -2.500000000000000000e+00
6.325745547455569096e+01 2.500000000000000000e+00
6.148276686392289037e+01 -2.500000000000000000e+00
5.970807825329009688e+01 2.500000000000000000e+00
5.793338964265730340e+01 -2.500000000000000000e+00
5.870317497925121586e+01 2.500000000000000000e+00
5.947296031584512832e+01 -2.500000000000000000e+00
5.592010722159154312e+01 2.500000000000000000e+00
5.236725412733795793e+01 -2.500000000000000000e+00
4.105150871081822572e+01 2.500000000000000000e+00
2.973576329429848997e+01 -2.500000000000000000e+00
4.778331960161800396e+00 2.500000000000000000e+00
-2.017909937397488918e+01 -2.500000000000000000e+00
-4.513653070811157875e+01 2.500000000000000000e+00
-7.009396204224827898e+01 -2.500000000000000000e+00
-7.500000000000000000e+01 -1.517118810812621676e+00
