1.486741963848900809e+02 0.000000000000000000e+00
1.470121086606813492e+02 5.000000000000000000e+00
1.453500209364726174e+02 0.000000000000000000e+00
1.436879332122638857e+02 5.000000000000000000e+00
1.420258454880551540e+02 0.000000000000000000e+00
1.403637577638464222e+02 5.000000000000000000e+00
1.387016700396376905e+02 0.000000000000000000e+00
1.370395823154289587e+02 5.000000000000000000e+00
1.353774945912202270e+02 0.000000000000000000e+00
1.377719684631356074e+02 5.000000000000000000e+00
1.401664423350509878e+02 0.000000000000000000e+00
1.425609162069663682e+02 5.000000000000000000e+00
1.449553900788817487e+02 0.000000000000000000e+00
1.473498639507971291e+02 5.000000000000000000e+00
1.497443378227125095e+02 0.000000000000000000e+00
1.500000000000000000e+02 5.338587743348144343e-01
