7.284030564280536169e+01 -2.500000000000000000e+00
6.890863849574587618e+01 2.500000000000000000e+00
6.497697134868639068e+01 -2.500000000000000000e+00
6.104530420162690518e+01 2.500000000000000000e+00
5.711363705456741968e+01 -2.500000000000000000e+00
5.318196990750793418e+01 2.500000000000000000e+00
4.925030276044844868e+01 -2.500000000000000000e+00
4.393377423476624699e+01 2.500000000000000000e+00
3.861724570908404530e+01 -2.500000000000000000e+00
4.378683204898976555e+01 2.500000000000000000e+00
4.895641838889548580e+01 -2.500000000000000000e+00
5.237807176893413441e+01 2.500000000000000000e+00
5.579972514897279012e+01 -2.500000000000000000e+00
6.097420990961634857e+01 2.500000000000000000e+00
6.614869467025991412e+01 -2.500000000000000000e+00
7.132317943090347967e+01 2.500000000000000000e+00
7.500000000000000000e+01 -1.052837373357362161e+00
