1.471016923892659634e+02 0.000000000000000000e+00
1.418117724658687848e+02 5.000000000000000000e+00
1.365218525424716063e+02 0.000000000000000000e+00
1.312319326190744277e+02 5.000000000000000000e+00
1.145578579174963068e+02 0.000000000000000000e+00
9.788378321591818576e+01 5.000000000000000000e+00
8.120970851434006477e+01 0.000000000000000000e+00
6.453563381276195798e+01 5.000000000000000000e+00
4.786155911118385120e+01 0.000000000000000000e+00
3.118748440960573376e+01 5.000000000000000000e+00
1.451340970802761809e+01 0.000000000000000000e+00
0.000000000000000000e+00 4.352088487001320338e+00
