7.397796844253686288e+01 2.500000000000000000e+00
7.283633357055929025e+01 -2.500000000000000000e+00
7.169469869858171762e+01 2.500000000000000000e+00
7.055306382660414499e+01 -2.500000000000000000e+00
6.941142895462657236e+01 2.500000000000000000e+00
6.826979408264899973e+01 -2.500000000000000000e+00
6.712815921067142710e+01 2.500000000000000000e+00
6.598652433869385447e+01 -2.500000000000000000e+00
6.484488946671628185e+01 2.500000000000000000e+00
6.370325459473870922e+01 -2.500000000000000000e+00
6.256161972276113659e+01 2.500000000000000000e+00
6.141998485078356396e+01 -2.500000000000000000e+00
6.027834997880599133e+01 2.500000000000000000e+00
5.913671510682841870e+01 -2.500000000000000000e+00
5.799508023485084607e+01 2.500000000000000000e+00
6.570525792489281969e+01 -2.500000000000000000e+00
7.341543561493479331e+01 2.500000000000000000e+00
7.500000000000000000e+01 1.472420319760113783e+00
