1.496793018724324895e+02 0.000000000000000000e+00
1.485232508325579488e+02 5.000000000000000000e+00
1.473671997926834365e+02 0.000000000000000000e+00
1.462111487528089242e+02 5.000000000000000000e+00
1.450550977129344119e+02 0.000000000000000000e+00
1.438990466730598996e+02 5.000000000000000000e+00
1.427429956331853873e+02 0.000000000000000000e+00
1.415869445933108750e+02 5.000000000000000000e+00
1.404308935534363627e+02 0.000000000000000000e+00
1.392748425135618504e+02 5.000000000000000000e+00
1.381187914736873381e+02 0.000000000000000000e+00
1.369627404338128258e+02 5.000000000000000000e+00
1.358066893939383135e+02 0.000000000000000000e+00
1.391189007751773374e+02 5.000000000000000000e+00
1.424311121564163614e+02 0.000000000000000000e+00
1.457433235376553853e+02 5.000000000000000000e+00
1.490555349188944092e+02 0.000000000000000000e+00
1.500000000000000000e+02 1.425731893886999613e+00
