1.430679135685828669e+02 0.000000000000000000e+00
1.343036687402790790e+02 5.000000000000000000e+00
1.255394239119752626e+02 0.000000000000000000e+00
1.167751790836714747e+02 5.000000000000000000e+00
1.080109342553676868e+02 0.000000000000000000e+00
9.924668942706388464e+01 5.000000000000000000e+00
9.048244459876008250e+01 0.000000000000000000e+00
8.171819977045629457e+01 5.000000000000000000e+00
7.295395494215250665e+01 0.000000000000000000e+00
6.418971011384871872e+01 5.000000000000000000e+00
5.542546528554493079e+01 0.000000000000000000e+00
4.666122045724114287e+01 5.000000000000000000e+00
3.789697562893734784e+01 0.000000000000000000e+00
2.913273080063355280e+01 5.000000000000000000e+00
2.036848597232976132e+01 0.000000000000000000e+00
1.160424114402596985e+01 5.000000000000000000e+00
2.839996315722177034e+00 0.000000000000000000e+00
0.000000000000000000e+00 1.620217355493378086e+00
