1.469905681209089039e+02 5.000000000000000000e+00
1.437044212942990953e+02 0.000000000000000000e+00
1.170775013107029139e+02 5.000000000000000000e+00
9.045058132710674670e+01 0.000000000000000000e+00
6.382366134351057951e+01 5.000000000000000000e+00
3.719674135991441943e+01 0.000000000000000000e+00
1.056982137631825402e+01 5.000000000000000000e+00
0.000000000000000000e+00 3.015200146537804660e+00
1.311383497268304268e+02 0.000000000000000000e+00
1.500000000000000000e+02 3.486047070321034003e+00
1.470101649063362856e+02 0.000000000000000000e+00
1.356706778792766670e+02 5.000000000000000000e+00
1.243311908522170199e+02 0.000000000000000000e+00
1.129917038251573871e+02 5.000000000000000000e+00
1.016522167980977542e+02 0.000000000000000000e+00
9.031272977103812138e+01 5.000000000000000000e+00
7.897324274397848853e+01 0.000000000000000000e+00
6.763375571691885568e+01 5.000000000000000000e+00
5.629426868985922283e+01 0.000000000000000000e+00
4.495478166279958288e+01 5.000000000000000000e+00
3.361529463573994292e+01 0.000000000000000000e+00
2.227580760868030652e+01 5.000000000000000000e+00
1.093632058162066834e+01 0.000000000000000000e+00
0.000000000000000000e+00 4.822228975403876738e+00
1.432930998628903581e+02 5.000000000000000000e+00
1.308733274485040852e+02 0.000000000000000000e+00
1.184535550341177839e+02 5.000000000000000000e+00
1.060337826197314968e+02 0.000000000000000000e+00
9.361401020534520967e+01 5.000000000000000000e+00
8.119423779095892257e+01 0.000000000000000000e+00
6.877446537657263548e+01 5.000000000000000000e+00
5.635469296218635549e+01 0.000000000000000000e+00
4.393492054780006839e+01 5.000000000000000000e+00
3.151514813341378130e+01 0.000000000000000000e+00
1.909537571902749775e+01 5.000000000000000000e+00
6.675603304641214208e+00 0.000000000000000000e+00
0.000000000000000000e+00 2.687490189799539131e+00
1.484248792150492307e+02 0.000000000000000000e+00
1.441981691348375421e+02 5.000000000000000000e+00
1.399714590546258535e+02 0.000000000000000000e+00
1.357447489744141649e+02 5.000000000000000000e+00
1.315180388942024763e+02 0.000000000000000000e+00
1.299148405501721300e+02 5.000000000000000000e+00
1.283116422061417552e+02 0.000000000000000000e+00
1.267084438621113947e+02 5.000000000000000000e+00
1.251052455180810483e+02 0.000000000000000000e+00
1.235020471740507020e+02 5.000000000000000000e+00
1.218988488300203556e+02 0.000000000000000000e+00
1.202956504859900093e+02 5.000000000000000000e+00
1.186924521419596630e+02 0.000000000000000000e+00
1.170892537979293166e+02 5.000000000000000000e+00
1.154860554538989703e+02 0.000000000000000000e+00
1.138828571098686240e+02 5.000000000000000000e+00
1.122796587658382776e+02 0.000000000000000000e+00
1.106764604218079313e+02 5.000000000000000000e+00
1.090732620777775850e+02 0.000000000000000000e+00
1.074700637337472386e+02 5.000000000000000000e+00
1.058668653897168923e+02 0.000000000000000000e+00
1.042636670456865460e+02 5.000000000000000000e+00
1.026604687016561996e+02 0.000000000000000000e+00
1.010572703576258533e+02 5.000000000000000000e+00
9.945407201359550697e+01 0.000000000000000000e+00
9.785087366956516064e+01 5.000000000000000000e+00
9.624767532553481431e+01 0.000000000000000000e+00
9.464447698150446797e+01 5.000000000000000000e+00
9.304127863747412164e+01 0.000000000000000000e+00
9.143808029344377530e+01 5.000000000000000000e+00
8.983488194941342897e+01 0.000000000000000000e+00
8.823168360538308264e+01 5.000000000000000000e+00
8.662848526135273630e+01 0.000000000000000000e+00
8.502528691732238997e+01 5.000000000000000000e+00
8.342208857329204363e+01 0.000000000000000000e+00
8.181889022926169730e+01 5.000000000000000000e+00
8.021569188523135097e+01 0.000000000000000000e+00
7.861249354120100463e+01 5.000000000000000000e+00
7.700929519717065830e+01 0.000000000000000000e+00
7.540609685314031196e+01 5.000000000000000000e+00
7.380289850910996563e+01 0.000000000000000000e+00
7.219970016507961930e+01 5.000000000000000000e+00
7.059650182104927296e+01 0.000000000000000000e+00
6.899330347701892663e+01 5.000000000000000000e+00
6.739010513298858029e+01 0.000000000000000000e+00
6.578690678895823396e+01 5.000000000000000000e+00
6.418370844492788763e+01 0.000000000000000000e+00
6.258051010089754129e+01 5.000000000000000000e+00
6.097731175686718075e+01 0.000000000000000000e+00
5.937411341283682020e+01 5.000000000000000000e+00
5.777091506880646676e+01 0.000000000000000000e+00
5.616771672477611332e+01 5.000000000000000000e+00
5.456451838074576699e+01 0.000000000000000000e+00
5.296132003671540645e+01 5.000000000000000000e+00
5.135812169268504590e+01 0.000000000000000000e+00
4.975492334865469246e+01 5.000000000000000000e+00
4.815172500462433902e+01 0.000000000000000000e+00
4.654852666059397848e+01 5.000000000000000000e+00
4.494532831656362504e+01 0.000000000000000000e+00
4.334212997253327160e+01 5.000000000000000000e+00
4.173893162850291816e+01 0.000000000000000000e+00
4.013573328447256472e+01 5.000000000000000000e+00
3.853253494044220417e+01 0.000000000000000000e+00
3.692933659641184363e+01 5.000000000000000000e+00
4.127563650431756059e+01 0.000000000000000000e+00
4.562193641222327756e+01 5.000000000000000000e+00
4.996823632012898742e+01 0.000000000000000000e+00
5.431453622803470438e+01 5.000000000000000000e+00
5.866083613594041424e+01 0.000000000000000000e+00
6.300713604384612410e+01 5.000000000000000000e+00
6.735343595175183395e+01 0.000000000000000000e+00
7.169973585965755092e+01 5.000000000000000000e+00
7.604603576756326788e+01 0.000000000000000000e+00
8.039233567546898485e+01 5.000000000000000000e+00
8.473863558337470181e+01 0.000000000000000000e+00
8.908493549128041877e+01 5.000000000000000000e+00
9.343123539918613574e+01 0.000000000000000000e+00
9.777753530709185270e+01 5.000000000000000000e+00
1.021238352149975697e+02 0.000000000000000000e+00
1.064701351229032866e+02 5.000000000000000000e+00
1.108164350308090036e+02 0.000000000000000000e+00
1.151627349387147206e+02 5.000000000000000000e+00
1.195090348466204375e+02 0.000000000000000000e+00
1.238553347545261545e+02 5.000000000000000000e+00
1.282016346624318714e+02 0.000000000000000000e+00
1.305817926868830341e+02 5.000000000000000000e+00
1.329619507113341967e+02 0.000000000000000000e+00
1.355978796486888314e+02 5.000000000000000000e+00
1.382338085860434660e+02 0.000000000000000000e+00
1.408697375233981006e+02 5.000000000000000000e+00
1.435056664607527352e+02 0.000000000000000000e+00
1.461415953981073699e+02 5.000000000000000000e+00
1.487775243354620045e+02 0.000000000000000000e+00
1.500000000000000000e+02 2.318870678214963732e+00
1.453948604514300200e+02 0.000000000000000000e+00
1.391999035649954521e+02 5.000000000000000000e+00
1.330049466785608843e+02 0.000000000000000000e+00
1.311670856113515242e+02 5.000000000000000000e+00
1.293292245441421642e+02 0.000000000000000000e+00
1.274913634769328183e+02 5.000000000000000000e+00
1.256535024097234725e+02 0.000000000000000000e+00
1.238156413425141267e+02 5.000000000000000000e+00
1.219777802753047808e+02 0.000000000000000000e+00
1.201399192080954350e+02 5.000000000000000000e+00
1.183020581408860892e+02 0.000000000000000000e+00
1.164641970736767433e+02 5.000000000000000000e+00
1.146263360064673975e+02 0.000000000000000000e+00
1.127884749392580517e+02 5.000000000000000000e+00
1.109506138720487058e+02 0.000000000000000000e+00
1.091127528048393600e+02 5.000000000000000000e+00
1.072748917376300142e+02 0.000000000000000000e+00
1.054370306704206683e+02 5.000000000000000000e+00
1.035991696032113225e+02 0.000000000000000000e+00
1.017613085360019767e+02 5.000000000000000000e+00
9.992344746879263084e+01 0.000000000000000000e+00
9.808558640158328501e+01 5.000000000000000000e+00
9.624772533437393918e+01 0.000000000000000000e+00
9.440986426716459334e+01 5.000000000000000000e+00
9.257200319995524751e+01 0.000000000000000000e+00
9.073414213274590168e+01 5.000000000000000000e+00
8.889628106553655584e+01 0.000000000000000000e+00
8.577235653447699804e+01 5.000000000000000000e+00
8.264843200341744023e+01 0.000000000000000000e+00
7.952450747235788242e+01 5.000000000000000000e+00
7.640058294129832461e+01 0.000000000000000000e+00
7.327665841023876681e+01 5.000000000000000000e+00
7.015273387917920900e+01 0.000000000000000000e+00
6.702880934811965119e+01 5.000000000000000000e+00
6.390488481706009338e+01 0.000000000000000000e+00
6.078096028600052847e+01 5.000000000000000000e+00
5.765703575494096356e+01 0.000000000000000000e+00
5.453311122388139154e+01 5.000000000000000000e+00
5.140918669282181952e+01 0.000000000000000000e+00
4.828526216176226171e+01 5.000000000000000000e+00
4.516133763070269680e+01 0.000000000000000000e+00
4.203741309964313189e+01 5.000000000000000000e+00
3.891348856858356697e+01 0.000000000000000000e+00
3.578956403752400206e+01 5.000000000000000000e+00
3.266563950646443715e+01 0.000000000000000000e+00
2.954171497540487223e+01 5.000000000000000000e+00
2.641779044434531087e+01 0.000000000000000000e+00
2.329386591328574951e+01 5.000000000000000000e+00
2.016994138222618460e+01 0.000000000000000000e+00
1.704601685116661969e+01 5.000000000000000000e+00
1.392209232010705655e+01 0.000000000000000000e+00
0.000000000000000000e+00 2.851900636533175604e+00
1.498066955748270175e+02 0.000000000000000000e+00
1.427672632348943580e+02 5.000000000000000000e+00
1.357278308949616701e+02 0.000000000000000000e+00
1.375282087026460260e+02 5.000000000000000000e+00
1.393285865103303820e+02 0.000000000000000000e+00
1.411289643180147380e+02 5.000000000000000000e+00
1.429293421256990939e+02 0.000000000000000000e+00
1.447297199333834499e+02 5.000000000000000000e+00
1.465300977410678058e+02 0.000000000000000000e+00
1.483304755487521618e+02 5.000000000000000000e+00
1.500000000000000000e+02 3.634052693773606180e-01
1.499571924468656903e+02 5.000000000000000000e+00
1.469045039692130388e+02 0.000000000000000000e+00
1.438518154915603873e+02 5.000000000000000000e+00
1.407991270139077358e+02 0.000000000000000000e+00
1.377464385362550843e+02 5.000000000000000000e+00
1.346937500586024328e+02 0.000000000000000000e+00
1.363776172534290936e+02 5.000000000000000000e+00
1.380614844482557544e+02 0.000000000000000000e+00
1.397453516430824152e+02 5.000000000000000000e+00
1.414292188379090760e+02 0.000000000000000000e+00
1.431130860327357368e+02 5.000000000000000000e+00
1.447969532275623976e+02 0.000000000000000000e+00
1.464808204223890584e+02 5.000000000000000000e+00
1.481646876172157192e+02 0.000000000000000000e+00
1.498485548120423800e+02 5.000000000000000000e+00
1.500000000000000000e+02 4.550305426630703920e+00
1.446797136463066522e+02 0.000000000000000000e+00
1.389897750688097915e+02 5.000000000000000000e+00
1.332998364913129308e+02 0.000000000000000000e+00
1.500000000000000000e+02 3.506625099582620031e+00
1.483496774698526224e+02 0.000000000000000000e+00
1.465155443916764852e+02 5.000000000000000000e+00
1.446814113135003481e+02 0.000000000000000000e+00
1.428472782353242110e+02 5.000000000000000000e+00
1.410131451571480738e+02 0.000000000000000000e+00
1.391790120789719367e+02 5.000000000000000000e+00
1.373448790007957996e+02 0.000000000000000000e+00
1.355107459226196625e+02 5.000000000000000000e+00
1.336766128444435253e+02 0.000000000000000000e+00
1.349187512006475345e+02 5.000000000000000000e+00
1.361608895568515436e+02 0.000000000000000000e+00
1.374030279130555527e+02 5.000000000000000000e+00
1.386451662692595619e+02 0.000000000000000000e+00
1.398873046254635710e+02 5.000000000000000000e+00
1.411294429816675802e+02 0.000000000000000000e+00
1.423715813378715893e+02 5.000000000000000000e+00
1.436137196940755985e+02 0.000000000000000000e+00
1.448558580502796076e+02 5.000000000000000000e+00
1.460979964064836167e+02 0.000000000000000000e+00
1.473401347626876259e+02 5.000000000000000000e+00
1.485822731188916350e+02 0.000000000000000000e+00
1.498244114750956442e+02 5.000000000000000000e+00
1.500000000000000000e+02 4.293200616391203539e+00
