1.497579785135981183e+02 5.000000000000000000e+00
1.477562662564044729e+02 0.000000000000000000e+00
1.457545539992108274e+02 5.000000000000000000e+00
1.437528417420171820e+02 0.000000000000000000e+00
1.417511294848235366e+02 5.000000000000000000e+00
1.397494172276298912e+02 0.000000000000000000e+00
1.377477049704362457e+02 5.000000000000000000e+00
1.357459927132426003e+02 0.000000000000000000e+00
1.337442804560489549e+02 5.000000000000000000e+00
1.385151572339440236e+02 0.000000000000000000e+00
1.432860340118390923e+02 5.000000000000000000e+00
1.480569107897341610e+02 0.000000000000000000e+00
1.500000000000000000e+02 2.036406829106096161e+00
