7.253283236899545727e+01 2.500000000000000000e+00
7.003379295991931031e+01 -2.500000000000000000e+00
6.753475355084316334e+01 2.500000000000000000e+00
6.503571414176701637e+01 -2.500000000000000000e+00
6.253667473269086230e+01 2.500000000000000000e+00
6.003763532361469402e+01 -2.500000000000000000e+00
5.753859591453851863e+01 2.500000000000000000e+00
5.503955650546234324e+01 -2.500000000000000000e+00
5.254051709638616785e+01 2.500000000000000000e+00
5.004147768730999246e+01 -2.500000000000000000e+00
4.754243827823381707e+01 2.500000000000000000e+00
4.504339886915764168e+01 -2.500000000000000000e+00
4.254435946008146630e+01 2.500000000000000000e+00
4.004532005100529091e+01 -2.500000000000000000e+00
3.754628064192911552e+01 2.500000000000000000e+00
3.504724123285294013e+01 -2.500000000000000000e+00
3.254820182377676474e+01 2.500000000000000000e+00
3.004916241470059290e+01 -2.500000000000000000e+00
2.755012300562443528e+01 2.500000000000000000e+00
2.505108359654826344e+01 -2.500000000000000000e+00
2.255204418747209161e+01 2.500000000000000000e+00
2.005300477839591977e+01 -2.500000000000000000e+00
1.755396536931974794e+01 2.500000000000000000e+00
1.505492596024358676e+01 -2.500000000000000000e+00
1.255588655116741847e+01 2.500000000000000000e+00
1.005684714209125374e+01 -2.500000000000000000e+00
7.557807733015103224e+00 2.500000000000000000e+00
5.058768323938942046e+00 -2.500000000000000000e+00
2.559728914862773763e+00 2.500000000000000000e+00
6.068950578661258533e-02 -2.500000000000000000e+00
-2.438349903289548593e+00 2.500000000000000000e+00
-4.937389312365709770e+00 -2.500000000000000000e+00
-7.436428721441870948e+00 2.500000000000000000e+00
-9.935468130518028573e+00 -2.500000000000000000e+00
-1.243450753959418620e+01 2.500000000000000000e+00
-1.493354694867034738e+01 -2.500000000000000000e+00
-1.743258635774650855e+01 2.500000000000000000e+00
-1.993162576682267684e+01 -2.500000000000000000e+00
-2.243066517589884157e+01 2.500000000000000000e+00
-2.492970458497500275e+01 -2.500000000000000000e+00
-2.742874399405116392e+01 2.500000000000000000e+00
-2.992778340312732155e+01 -2.500000000000000000e+00
-3.242682281220348273e+01 2.500000000000000000e+00
-3.492586222127964390e+01 -2.500000000000000000e+00
-3.742490163035580508e+01 2.500000000000000000e+00
-3.992394103943196626e+01 -2.500000000000000000e+00
-4.242298044850812744e+01 2.500000000000000000e+00
-4.492201985758428862e+01 -2.500000000000000000e+00
-4.742105926666044979e+01 2.500000000000000000e+00
-4.992009867573661097e+01 -2.500000000000000000e+00
-5.241913808481277215e+01 2.500000000000000000e+00
-5.491817749388893333e+01 -2.500000000000000000e+00
-5.741721690296509450e+01 2.500000000000000000e+00
-5.991625631204125568e+01 -2.500000000000000000e+00
-6.241529572111741686e+01 2.500000000000000000e+00
-6.491433513019357804e+01 -2.500000000000000000e+00
-6.741337453926973922e+01 2.500000000000000000e+00
-6.991241394834590039e+01 -2.500000000000000000e+00
-7.241145335742206157e+01 2.500000000000000000e+00
-7.491049276649822275e+01 -2.500000000000000000e+00
-7.500000000000000000e+01 -2.320916722688113776e+00
