1.490664326449716555e+02 0.000000000000000000e+00
1.456863796230034325e+02 5.000000000000000000e+00
1.423063266010352095e+02 0.000000000000000000e+00
1.389262735790669865e+02 5.000000000000000000e+00
1.355462205570987635e+02 0.000000000000000000e+00
1.234273434272979557e+02 5.000000000000000000e+00
1.113084662974971479e+02 0.000000000000000000e+00
9.918958916769635437e+01 5.000000000000000000e+00
8.707071203789556080e+01 0.000000000000000000e+00
7.495183490809476723e+01 5.000000000000000000e+00
6.283295777829397366e+01 0.000000000000000000e+00
5.071408064849318009e+01 5.000000000000000000e+00
3.859520351869238652e+01 0.000000000000000000e+00
2.647632638889159296e+01 5.000000000000000000e+00
1.435744925909079583e+01 0.000000000000000000e+00
2.238572129289998713e+00 5.000000000000000000e+00
0.000000000000000000e+00 4.076411079461618847e+00
