1.454735017830978450e+02 0.000000000000000000e+00
1.401812721165461539e+02 5.000000000000000000e+00
1.348890424499944629e+02 0.000000000000000000e+00
1.295968127834427719e+02 5.000000000000000000e+00
1.243045831168910667e+02 0.000000000000000000e+00
1.190123534503393898e+02 5.000000000000000000e+00
1.137201237837876988e+02 0.000000000000000000e+00
1.084278941172360078e+02 5.000000000000000000e+00
1.031356644506843168e+02 0.000000000000000000e+00
9.784343478413262574e+01 5.000000000000000000e+00
9.255120511758093471e+01 0.000000000000000000e+00
8.725897545102924369e+01 5.000000000000000000e+00
8.196674578447755266e+01 0.000000000000000000e+00
7.667451611792586164e+01 5.000000000000000000e+00
7.138228645137417061e+01 0.000000000000000000e+00
6.609005678482247959e+01 5.000000000000000000e+00
6.079782711827078856e+01 0.000000000000000000e+00
5.550559745171909753e+01 5.000000000000000000e+00
5.021336778516740651e+01 0.000000000000000000e+00
4.492113811861571548e+01 5.000000000000000000e+00
3.962890845206402446e+01 0.000000000000000000e+00
3.433667878551234054e+01 5.000000000000000000e+00
2.904444911896065307e+01 0.000000000000000000e+00
2.375221945240896559e+01 5.000000000000000000e+00
1.845998978585727457e+01 0.000000000000000000e+00
1.316776011930558532e+01 5.000000000000000000e+00
2.394034130138336991e+01 0.000000000000000000e+00
3.471292248346114917e+01 5.000000000000000000e+00
4.548550366553892843e+01 0.000000000000000000e+00
5.625808484761670769e+01 5.000000000000000000e+00
6.703066602969448695e+01 0.000000000000000000e+00
7.780324721177225911e+01 5.000000000000000000e+00
8.857582839385003126e+01 0.000000000000000000e+00
9.934840957592781763e+01 5.000000000000000000e+00
1.101209907580055898e+02 0.000000000000000000e+00
1.208935719400833761e+02 5.000000000000000000e+00
1.316661531221611483e+02 0.000000000000000000e+00
1.424387343042389205e+02 5.000000000000000000e+00
1.500000000000000000e+02 1.490504193952759904e+00
