7.304267847185344920e+01 -2.500000000000000000e+00
6.504132930526208156e+01 2.500000000000000000e+00
5.703998013867074945e+01 -2.500000000000000000e+00
4.903863097207941735e+01 2.500000000000000000e+00
5.303002404348938370e+01 -2.500000000000000000e+00
5.702141711489935005e+01 2.500000000000000000e+00
4.813566807072814413e+01 -2.500000000000000000e+00
3.924991902655693821e+01 2.500000000000000000e+00
3.036416998238572162e+01 -2.500000000000000000e+00
2.147842093821452636e+01 2.500000000000000000e+00
1.259267189404332044e+01 -2.500000000000000000e+00
3.706922849872118064e+00 2.500000000000000000e+00
-5.178826194299084307e+00 -2.500000000000000000e+00
-1.406457523847029023e+01 2.500000000000000000e+00
-2.295032428264149971e+01 -2.500000000000000000e+00
-3.183607332681270563e+01 2.500000000000000000e+00
-4.072182237098391511e+01 -2.500000000000000000e+00
-4.960757141515512103e+01 2.500000000000000000e+00
-5.849332045932633406e+01 -2.500000000000000000e+00
-6.737906950349754709e+01 2.500000000000000000e+00
-7.500000000000000000e+01 -1.788288167164457487e+00
