7.098920186201722515e+01 2.500000000000000000e+00
1.347970600401509067e+01 -2.500000000000000000e+00
2.046590882999606009e+01 2.500000000000000000e+00
1.849998477037834732e+01 -2.500000000000000000e+00
-5.815222585657444654e+00 2.500000000000000000e+00
-3.013042994169323308e+01 -2.500000000000000000e+00
-5.444563729772902150e+01 2.500000000000000000e+00
-5.833481149280837030e+01 -2.500000000000000000e+00
-6.222398568788771911e+01 2.500000000000000000e+00
-6.611315988296706792e+01 -2.500000000000000000e+00
-7.000233407804641672e+01 2.500000000000000000e+00
-6.827970397223674581e+01 -2.500000000000000000e+00
-6.655707386642708911e+01 2.500000000000000000e+00
-6.483444376061743242e+01 -2.500000000000000000e+00
-6.081293167036373148e+01 2.500000000000000000e+00
-5.973386146149098863e+01 -2.500000000000000000e+00
-5.868165183612781277e+01 2.500000000000000000e+00
-5.762944221076463691e+01 -2.500000000000000000e+00
-5.657723258540146105e+01 2.500000000000000000e+00
-5.552502296003828519e+01 -2.500000000000000000e+00
-5.447281333467510933e+01 2.500000000000000000e+00
-5.342060370931193347e+01 -2.500000000000000000e+00
-4.819884773180422854e+01 2.500000000000000000e+00
-4.628512562322219992e+01 -2.500000000000000000e+00
-6.331233938995192290e+01 2.500000000000000000e+00
-6.801980111294707854e+01 -2.500000000000000000e+00
-7.272726283594222707e+01 2.500000000000000000e+00
-7.500000000000000000e+01 8.602693150340635919e-02
