7.485141864260401690e+01 -2.500000000000000000e+00
6.462731269914633003e+01 2.500000000000000000e+00
5.440320675568865028e+01 -2.500000000000000000e+00
4.417910081223097052e+01 2.500000000000000000e+00
3.395499486877328366e+01 -2.500000000000000000e+00
3.111294140464971036e+01 2.500000000000000000e+00
2.827088794052613707e+01 -2.500000000000000000e+00
2.542883447640258510e+01 2.500000000000000000e+00
2.258678101227903312e+01 -2.500000000000000000e+00
1.974472754815547404e+01 2.500000000000000000e+00
1.690267408403190785e+01 -2.500000000000000000e+00
1.406062061990834167e+01 2.500000000000000000e+00
1.121856715578476837e+01 -2.500000000000000000e+00
8.376513691661202188e+00 2.500000000000000000e+00
5.534460227537628896e+00 -2.500000000000000000e+00
2.692406763414055604e+00 2.500000000000000000e+00
-1.496467007095176882e-01 -2.500000000000000000e+00
-2.991700164833090980e+00 2.500000000000000000e+00
-5.833753628956664272e+00 -2.500000000000000000e+00
-8.675807093080230459e+00 2.500000000000000000e+00
-1.151786055720378954e+01 -2.500000000000000000e+00
-1.435991402132735217e+01 2.500000000000000000e+00
-1.720196748545092191e+01 -2.500000000000000000e+00
-2.004402094957449165e+01 2.500000000000000000e+00
-2.288607441369805429e+01 -2.500000000000000000e+00
-2.572812787782162403e+01 2.500000000000000000e+00
-2.857018134194519376e+01 -2.500000000000000000e+00
-3.141223480606876350e+01 2.500000000000000000e+00
-3.425428827019233324e+01 -2.500000000000000000e+00
-3.709634173431590654e+01 2.500000000000000000e+00
-3.993839519843947983e+01 -2.500000000000000000e+00
-4.278044866256305312e+01 2.500000000000000000e+00
-4.562250212668662641e+01 -2.500000000000000000e+00
-4.846455559081019970e+01 2.500000000000000000e+00
-5.130660905493377300e+01 -2.500000000000000000e+00
-5.414866251905734629e+01 2.500000000000000000e+00
-5.699071598318091958e+01 -2.500000000000000000e+00
-5.983276944730449287e+01 2.500000000000000000e+00
-6.267482291142806616e+01 -2.500000000000000000e+00
-6.551687637555163235e+01 2.500000000000000000e+00
-6.835892983967519854e+01 -2.500000000000000000e+00
-7.120098330379876472e+01 2.500000000000000000e+00
-7.404303676792233091e+01 -2.500000000000000000e+00
-7.500000000000000000e+01 -8.164228890170200925e-01
