1.464751940062284916e+02 5.000000000000000000e+00
1.391225487028391399e+02 0.000000000000000000e+00
1.317699033994497881e+02 5.000000000000000000e+00
1.244172580960604080e+02 0.000000000000000000e+00
1.170646127926710278e+02 5.000000000000000000e+00
1.097119674892816477e+02 0.000000000000000000e+00
1.023593221858922817e+02 5.000000000000000000e+00
9.500667688250291576e+01 0.000000000000000000e+00
8.765403157911353560e+01 5.000000000000000000e+00
8.030138627572418386e+01 0.000000000000000000e+00
7.294874097233480370e+01 5.000000000000000000e+00
6.559609566894543775e+01 0.000000000000000000e+00
5.824345036555606470e+01 5.000000000000000000e+00
5.089080506216669164e+01 0.000000000000000000e+00
4.353815975877732569e+01 5.000000000000000000e+00
3.618551445538795264e+01 0.000000000000000000e+00
2.883286915199858313e+01 5.000000000000000000e+00
2.148022384860921008e+01 0.000000000000000000e+00
1.412757854521983525e+01 5.000000000000000000e+00
6.774933241830462194e+00 0.000000000000000000e+00
0.000000000000000000e+00 4.607139989948514369e+00
