1.443600041752094683e+02 0.000000000000000000e+00
1.374233479393608093e+02 5.000000000000000000e+00
1.304866917035121503e+02 0.000000000000000000e+00
1.235500354676634913e+02 5.000000000000000000e+00
1.166133792318148608e+02 0.000000000000000000e+00
1.096767229959662302e+02 5.000000000000000000e+00
1.027400667601175854e+02 0.000000000000000000e+00
9.580341052426894066e+01 5.000000000000000000e+00
8.886675428842031010e+01 0.000000000000000000e+00
8.193009805257167955e+01 5.000000000000000000e+00
7.499344181672304899e+01 0.000000000000000000e+00
6.805678558087441843e+01 5.000000000000000000e+00
6.112012934502577366e+01 0.000000000000000000e+00
5.418347310917713600e+01 5.000000000000000000e+00
4.724681687332849833e+01 0.000000000000000000e+00
4.031016063747985356e+01 5.000000000000000000e+00
3.337350440163121590e+01 0.000000000000000000e+00
2.643684816578257823e+01 5.000000000000000000e+00
1.950019192993394057e+01 0.000000000000000000e+00
1.256353569408530468e+01 5.000000000000000000e+00
5.626879458236667020e+00 0.000000000000000000e+00
0.000000000000000000e+00 4.055901912190023495e+00
