1.473477824838885795e+02 0.000000000000000000e+00
1.437661883511315750e+02 5.000000000000000000e+00
1.401845942183745706e+02 0.000000000000000000e+00
1.366030000856175661e+02 5.000000000000000000e+00
1.330214059528605617e+02 0.000000000000000000e+00
1.294398118201035572e+02 5.000000000000000000e+00
1.258582176873465528e+02 0.000000000000000000e+00
1.222766235545895199e+02 5.000000000000000000e+00
1.186950294218324871e+02 0.000000000000000000e+00
1.151134352890754542e+02 5.000000000000000000e+00
1.115318411563184213e+02 0.000000000000000000e+00
1.079502470235613885e+02 5.000000000000000000e+00
1.043686528908043556e+02 0.000000000000000000e+00
1.007870587580473227e+02 5.000000000000000000e+00
9.720546462529028986e+01 0.000000000000000000e+00
9.362387049253325699e+01 5.000000000000000000e+00
9.004227635977622413e+01 0.000000000000000000e+00
8.646068222701919126e+01 5.000000000000000000e+00
8.287908809426215839e+01 0.000000000000000000e+00
7.929749396150512553e+01 5.000000000000000000e+00
7.571589982874809266e+01 0.000000000000000000e+00
7.213430569599107400e+01 5.000000000000000000e+00
6.855271156323404114e+01 0.000000000000000000e+00
6.497111743047700827e+01 5.000000000000000000e+00
6.138952329771998251e+01 0.000000000000000000e+00
5.780792916496295675e+01 5.000000000000000000e+00
5.994531050391936589e+01 0.000000000000000000e+00
7.131961351154046724e+01 5.000000000000000000e+00
8.269391651916154728e+01 0.000000000000000000e+00
9.406821952678264154e+01 5.000000000000000000e+00
1.054425225344037216e+02 0.000000000000000000e+00
1.168168255420248016e+02 5.000000000000000000e+00
1.281911285496458959e+02 0.000000000000000000e+00
1.395654315572669759e+02 5.000000000000000000e+00
1.500000000000000000e+02 4.130954504458035359e-01
