1.490088791659637195e+02 5.000000000000000000e+00
1.475587178009568277e+02 0.000000000000000000e+00
1.461085564359499358e+02 5.000000000000000000e+00
1.446583950709430439e+02 0.000000000000000000e+00
1.432082337059361521e+02 5.000000000000000000e+00
1.417580723409292602e+02 0.000000000000000000e+00
1.403079109759223684e+02 5.000000000000000000e+00
1.388577496109154765e+02 0.000000000000000000e+00
1.374075882459085847e+02 5.000000000000000000e+00
1.359574268809016928e+02 0.000000000000000000e+00
1.438655885294849384e+02 5.000000000000000000e+00
1.500000000000000000e+02 1.121468083790339021e+00
