7.463236043779727424e+01 -2.500000000000000000e+00
7.242380736043291733e+01 2.500000000000000000e+00
7.021525428306856043e+01 -2.500000000000000000e+00
6.800670120570420352e+01 2.500000000000000000e+00
6.579814812833984661e+01 -2.500000000000000000e+00
6.358959505097548970e+01 2.500000000000000000e+00
6.138104197361113279e+01 -2.500000000000000000e+00
5.917248889624677588e+01 2.500000000000000000e+00
5.696393581888241897e+01 -2.500000000000000000e+00
5.475538274151806206e+01 2.500000000000000000e+00
5.254682966415370515e+01 -2.500000000000000000e+00
5.033827658678934824e+01 2.500000000000000000e+00
4.812972350942499133e+01 -2.500000000000000000e+00
4.592117043206063443e+01 2.500000000000000000e+00
4.371261735469627752e+01 -2.500000000000000000e+00
4.150406427733192061e+01 2.500000000000000000e+00
3.760777095891417332e+01 -2.500000000000000000e+00
3.371147764049642603e+01 2.500000000000000000e+00
2.981518432207866809e+01 -2.500000000000000000e+00
2.591889100366091725e+01 2.500000000000000000e+00
2.202259768524315575e+01 -2.500000000000000000e+00
2.401462624988395689e+01 2.500000000000000000e+00
2.600665481452475802e+01 -2.500000000000000000e+00
2.799868337916555916e+01 2.500000000000000000e+00
2.999071194380636030e+01 -2.500000000000000000e+00
3.198274050844715788e+01 2.500000000000000000e+00
3.397476907308795546e+01 -2.500000000000000000e+00
3.596679763772876015e+01 2.500000000000000000e+00
3.795882620236956484e+01 -2.500000000000000000e+00
3.995085476701036953e+01 2.500000000000000000e+00
4.194288333165117422e+01 -2.500000000000000000e+00
4.393491189629197891e+01 2.500000000000000000e+00
4.592694046093278359e+01 -2.500000000000000000e+00
4.791896902557358118e+01 2.500000000000000000e+00
4.991099759021438587e+01 -2.500000000000000000e+00
5.190302615485519055e+01 2.500000000000000000e+00
5.389505471949598814e+01 -2.500000000000000000e+00
5.588708328413679283e+01 2.500000000000000000e+00
5.787911184877759752e+01 -2.500000000000000000e+00
5.987114041341840220e+01 2.500000000000000000e+00
6.186316897805920689e+01 -2.500000000000000000e+00
6.385519754270001158e+01 2.500000000000000000e+00
6.584722610734081627e+01 -2.500000000000000000e+00
6.783925467198162096e+01 2.500000000000000000e+00
6.983128323662242565e+01 -2.500000000000000000e+00
7.182331180126323034e+01 2.500000000000000000e+00
7.381534036590403502e+01 -2.500000000000000000e+00
7.500000000000000000e+01 4.735006192282715798e-01
