6.957507149911461397e+01 -2.500000000000000000e+00
6.316351030988324311e+01 2.500000000000000000e+00
5.675194912065185804e+01 -2.500000000000000000e+00
5.214333982660363631e+01 2.500000000000000000e+00
4.753473053255542879e+01 -2.500000000000000000e+00
4.292612123850722128e+01 2.500000000000000000e+00
3.831751194445898534e+01 -2.500000000000000000e+00
3.370890265041077782e+01 2.500000000000000000e+00
3.744154811669704941e+01 -2.500000000000000000e+00
4.117419358298332810e+01 2.500000000000000000e+00
4.490683904926960679e+01 -2.500000000000000000e+00
7.500000000000000000e+01 1.558408739634518092e+00
