1.495320676064574172e+02 5.000000000000000000e+00
1.472319661209204753e+02 0.000000000000000000e+00
1.449318646353835334e+02 5.000000000000000000e+00
1.426317631498465914e+02 0.000000000000000000e+00
1.403316616643096495e+02 5.000000000000000000e+00
1.380315601787727076e+02 0.000000000000000000e+00
1.357314586932357656e+02 5.000000000000000000e+00
1.334313572076988237e+02 0.000000000000000000e+00
1.075179744703358722e+02 5.000000000000000000e+00
8.160459173297293489e+01 0.000000000000000000e+00
5.569120899560999760e+01 5.000000000000000000e+00
2.977782625824705320e+01 0.000000000000000000e+00
3.864443520884108807e+00 5.000000000000000000e+00
0.000000000000000000e+00 4.254353713667764936e+00
1.482841384508933800e+02 5.000000000000000000e+00
1.453618809757803660e+02 0.000000000000000000e+00
1.424396235006673805e+02 5.000000000000000000e+00
1.395173660255543950e+02 0.000000000000000000e+00
1.365951085504414095e+02 5.000000000000000000e+00
1.336728510753284240e+02 0.000000000000000000e+00
1.270392726194456685e+02 5.000000000000000000e+00
1.204056941635629130e+02 0.000000000000000000e+00
1.137721157076801575e+02 5.000000000000000000e+00
1.071385372517974020e+02 0.000000000000000000e+00
1.005049587959146322e+02 5.000000000000000000e+00
9.387138034003186249e+01 0.000000000000000000e+00
8.723780188414910697e+01 5.000000000000000000e+00
8.060422342826635145e+01 0.000000000000000000e+00
7.397064497238358172e+01 5.000000000000000000e+00
6.733706651650082620e+01 0.000000000000000000e+00
6.070348806061807068e+01 5.000000000000000000e+00
5.406990960473531516e+01 0.000000000000000000e+00
4.743633114885255964e+01 5.000000000000000000e+00
4.080275269296980412e+01 0.000000000000000000e+00
3.416917423708704860e+01 5.000000000000000000e+00
2.753559578120428952e+01 0.000000000000000000e+00
2.090201732532153045e+01 5.000000000000000000e+00
1.426843886943877138e+01 0.000000000000000000e+00
1.883611122781944403e+01 5.000000000000000000e+00
2.340378358620014154e+01 0.000000000000000000e+00
2.797145594458082485e+01 5.000000000000000000e+00
3.253912830296151526e+01 0.000000000000000000e+00
3.710680066134219857e+01 5.000000000000000000e+00
4.167447301972287477e+01 0.000000000000000000e+00
4.624214537810355097e+01 5.000000000000000000e+00
5.080981773648423427e+01 0.000000000000000000e+00
5.537749009486491758e+01 5.000000000000000000e+00
5.994516245324559378e+01 0.000000000000000000e+00
6.451283481162627709e+01 5.000000000000000000e+00
6.908050717000693908e+01 0.000000000000000000e+00
7.364817952838760107e+01 5.000000000000000000e+00
7.821585188676826306e+01 0.000000000000000000e+00
8.278352424514893926e+01 5.000000000000000000e+00
8.735119660352961546e+01 0.000000000000000000e+00
9.191886896191029166e+01 5.000000000000000000e+00
9.648654132029096786e+01 0.000000000000000000e+00
1.010542136786716441e+02 5.000000000000000000e+00
1.056218860370523203e+02 0.000000000000000000e+00
1.101895583954329965e+02 5.000000000000000000e+00
1.147572307538136727e+02 0.000000000000000000e+00
1.193249031121943489e+02 5.000000000000000000e+00
1.238925754705750251e+02 0.000000000000000000e+00
1.284602478289556871e+02 5.000000000000000000e+00
1.330279201873363775e+02 0.000000000000000000e+00
1.500000000000000000e+02 4.322669337812873103e+00
1.451485035548298583e+02 0.000000000000000000e+00
1.392221669236849664e+02 5.000000000000000000e+00
1.332958302925400744e+02 0.000000000000000000e+00
1.299551236494961586e+02 5.000000000000000000e+00
1.266144170064522285e+02 0.000000000000000000e+00
1.232737103634083127e+02 5.000000000000000000e+00
1.199330037203643968e+02 0.000000000000000000e+00
1.165922970773204810e+02 5.000000000000000000e+00
1.132515904342765651e+02 0.000000000000000000e+00
1.099108837912326493e+02 5.000000000000000000e+00
1.065701771481887477e+02 0.000000000000000000e+00
1.032294705051448318e+02 5.000000000000000000e+00
9.988876386210091596e+01 0.000000000000000000e+00
9.654805721905700011e+01 5.000000000000000000e+00
9.320735057601308426e+01 0.000000000000000000e+00
8.986664393296916842e+01 5.000000000000000000e+00
8.652593728992525257e+01 0.000000000000000000e+00
8.318523064688133672e+01 5.000000000000000000e+00
7.984452400383742088e+01 0.000000000000000000e+00
7.650381736079350503e+01 5.000000000000000000e+00
7.316311071774958918e+01 0.000000000000000000e+00
6.982240407470567334e+01 5.000000000000000000e+00
6.648169743166175749e+01 0.000000000000000000e+00
6.314099078861784164e+01 5.000000000000000000e+00
5.980028414557392580e+01 0.000000000000000000e+00
5.645957750253000995e+01 5.000000000000000000e+00
5.311887085948610832e+01 0.000000000000000000e+00
4.977816421644219247e+01 5.000000000000000000e+00
4.643745757339828373e+01 0.000000000000000000e+00
4.309675093035437499e+01 5.000000000000000000e+00
3.975604428731045914e+01 0.000000000000000000e+00
3.641533764426655040e+01 5.000000000000000000e+00
3.307463100122264166e+01 0.000000000000000000e+00
2.973392435817873292e+01 5.000000000000000000e+00
2.639321771513482418e+01 0.000000000000000000e+00
2.305251107209091543e+01 5.000000000000000000e+00
1.971180442904700669e+01 0.000000000000000000e+00
1.637109778600309795e+01 5.000000000000000000e+00
1.303039114295918921e+01 0.000000000000000000e+00
3.217815559613654397e+00 5.000000000000000000e+00
0.000000000000000000e+00 3.360361389177416225e+00
1.499324559729010957e+02 0.000000000000000000e+00
1.483436989869030072e+02 5.000000000000000000e+00
1.467549420009049186e+02 0.000000000000000000e+00
1.451661850149068300e+02 5.000000000000000000e+00
1.435774280289087415e+02 0.000000000000000000e+00
1.419886710429106529e+02 5.000000000000000000e+00
1.403999140569125643e+02 0.000000000000000000e+00
1.388111570709144758e+02 5.000000000000000000e+00
1.372224000849163872e+02 0.000000000000000000e+00
1.356336430989182986e+02 5.000000000000000000e+00
1.340448861129202101e+02 0.000000000000000000e+00
1.276394062578341959e+02 5.000000000000000000e+00
1.212339264027481960e+02 0.000000000000000000e+00
1.148284465476621961e+02 5.000000000000000000e+00
1.084229666925762103e+02 0.000000000000000000e+00
1.020174868374902246e+02 5.000000000000000000e+00
9.561200698240423890e+01 0.000000000000000000e+00
8.920652712731825318e+01 5.000000000000000000e+00
8.280104727223226746e+01 0.000000000000000000e+00
7.639556741714628174e+01 5.000000000000000000e+00
6.999008756206029602e+01 0.000000000000000000e+00
6.358460770697431030e+01 5.000000000000000000e+00
5.717912785188831748e+01 0.000000000000000000e+00
5.077364799680232466e+01 5.000000000000000000e+00
4.436816814171632473e+01 0.000000000000000000e+00
3.796268828663032480e+01 5.000000000000000000e+00
3.155720843154433197e+01 0.000000000000000000e+00
2.515172857645833915e+01 5.000000000000000000e+00
1.874624872137234632e+01 0.000000000000000000e+00
1.234076886628635350e+01 5.000000000000000000e+00
5.935289011200361564e+00 0.000000000000000000e+00
0.000000000000000000e+00 4.632977657784453029e+00
1.416698694028701482e+02 0.000000000000000000e+00
1.256755813455230850e+02 5.000000000000000000e+00
1.096812932881760219e+02 0.000000000000000000e+00
9.368700523082895870e+01 5.000000000000000000e+00
7.769271717348189554e+01 0.000000000000000000e+00
6.169842911613484659e+01 5.000000000000000000e+00
4.570414105878779765e+01 0.000000000000000000e+00
2.970985300144074159e+01 5.000000000000000000e+00
1.371556494409368376e+01 0.000000000000000000e+00
0.000000000000000000e+00 3.410035600692475910e+00
1.465785239426950284e+02 0.000000000000000000e+00
1.364457865303596691e+02 5.000000000000000000e+00
1.263130491180242956e+02 0.000000000000000000e+00
1.161803117056889505e+02 5.000000000000000000e+00
1.060475742933535912e+02 0.000000000000000000e+00
9.591483688101823191e+01 5.000000000000000000e+00
8.578209946868287261e+01 0.000000000000000000e+00
7.564936205634751332e+01 5.000000000000000000e+00
6.551662464401215402e+01 0.000000000000000000e+00
5.538388723167679473e+01 5.000000000000000000e+00
4.525114981934143543e+01 0.000000000000000000e+00
3.511841240700607614e+01 5.000000000000000000e+00
2.498567499467072039e+01 0.000000000000000000e+00
1.485293758233536465e+01 5.000000000000000000e+00
4.720200170000007134e+00 0.000000000000000000e+00
0.000000000000000000e+00 2.329183111097769654e+00
1.467299903625532522e+02 5.000000000000000000e+00
1.433744529658652596e+02 0.000000000000000000e+00
1.400189155691772953e+02 5.000000000000000000e+00
1.366633781724893311e+02 0.000000000000000000e+00
1.333078407758013668e+02 5.000000000000000000e+00
1.299523033791134026e+02 0.000000000000000000e+00
1.265967659824254241e+02 5.000000000000000000e+00
1.232412285857374741e+02 0.000000000000000000e+00
1.198856911890495098e+02 5.000000000000000000e+00
1.165301537923615456e+02 0.000000000000000000e+00
1.131746163956735955e+02 5.000000000000000000e+00
1.098190789989856455e+02 0.000000000000000000e+00
1.064635416022976813e+02 5.000000000000000000e+00
1.031080042056097170e+02 0.000000000000000000e+00
9.975246680892175277e+01 5.000000000000000000e+00
9.639692941223380274e+01 0.000000000000000000e+00
9.304139201554585270e+01 5.000000000000000000e+00
8.968585461885790266e+01 0.000000000000000000e+00
8.633031722216995263e+01 5.000000000000000000e+00
8.297477982548198838e+01 0.000000000000000000e+00
7.961924242879402414e+01 5.000000000000000000e+00
7.626370503210607410e+01 0.000000000000000000e+00
7.290816763541812406e+01 5.000000000000000000e+00
6.955263023873015982e+01 0.000000000000000000e+00
6.619709284204219557e+01 5.000000000000000000e+00
6.284155544535424553e+01 0.000000000000000000e+00
5.948601804866628839e+01 5.000000000000000000e+00
5.613048065197833836e+01 0.000000000000000000e+00
5.277494325529038122e+01 5.000000000000000000e+00
4.941940585860243118e+01 0.000000000000000000e+00
4.606386846191448114e+01 5.000000000000000000e+00
4.270833106522653111e+01 0.000000000000000000e+00
3.935279366853858107e+01 5.000000000000000000e+00
3.599725627185063104e+01 0.000000000000000000e+00
3.264171887516268100e+01 5.000000000000000000e+00
2.928618147847473097e+01 0.000000000000000000e+00
2.593064408178677382e+01 5.000000000000000000e+00
2.257510668509881668e+01 0.000000000000000000e+00
1.921956928841085954e+01 5.000000000000000000e+00
1.586403189172290595e+01 0.000000000000000000e+00
1.211866272457141847e+01 5.000000000000000000e+00
8.373293557419930977e+00 0.000000000000000000e+00
4.627924390268442600e+00 5.000000000000000000e+00
8.825552231169553341e-01 0.000000000000000000e+00
0.000000000000000000e+00 1.178195237544735763e+00
1.499814391739280950e+02 5.000000000000000000e+00
1.495536236726735808e+02 0.000000000000000000e+00
1.491258081714190666e+02 5.000000000000000000e+00
1.486979926701645525e+02 0.000000000000000000e+00
1.482701771689100383e+02 5.000000000000000000e+00
1.478423616676555241e+02 0.000000000000000000e+00
1.474145461664010099e+02 5.000000000000000000e+00
1.469867306651464958e+02 0.000000000000000000e+00
1.465589151638919816e+02 5.000000000000000000e+00
1.461310996626374674e+02 0.000000000000000000e+00
1.457032841613829532e+02 5.000000000000000000e+00
1.452754686601284391e+02 0.000000000000000000e+00
1.448476531588739249e+02 5.000000000000000000e+00
1.444198376576194107e+02 0.000000000000000000e+00
1.439920221563648965e+02 5.000000000000000000e+00
1.435642066551103824e+02 0.000000000000000000e+00
1.431363911538558682e+02 5.000000000000000000e+00
1.427085756526013540e+02 0.000000000000000000e+00
1.422807601513468398e+02 5.000000000000000000e+00
1.418529446500923257e+02 0.000000000000000000e+00
1.414251291488378115e+02 5.000000000000000000e+00
1.409973136475832973e+02 0.000000000000000000e+00
1.405694981463287832e+02 5.000000000000000000e+00
1.401416826450742690e+02 0.000000000000000000e+00
1.397138671438197548e+02 5.000000000000000000e+00
1.392860516425652406e+02 0.000000000000000000e+00
1.388582361413107265e+02 5.000000000000000000e+00
1.384304206400562123e+02 0.000000000000000000e+00
1.380026051388016981e+02 5.000000000000000000e+00
1.375747896375471839e+02 0.000000000000000000e+00
1.371469741362926698e+02 5.000000000000000000e+00
1.367191586350381556e+02 0.000000000000000000e+00
1.362913431337836414e+02 5.000000000000000000e+00
1.358635276325291272e+02 0.000000000000000000e+00
1.381898688589431288e+02 5.000000000000000000e+00
1.405162100853571303e+02 0.000000000000000000e+00
1.428425513117711319e+02 5.000000000000000000e+00
1.451688925381851334e+02 0.000000000000000000e+00
1.474952337645991349e+02 5.000000000000000000e+00
1.498215749910131365e+02 0.000000000000000000e+00
1.500000000000000000e+02 3.834884731460861396e-01
1.491267899600258033e+02 0.000000000000000000e+00
1.472616598141266877e+02 5.000000000000000000e+00
1.453965296682275721e+02 0.000000000000000000e+00
1.435313995223284564e+02 5.000000000000000000e+00
1.416662693764293408e+02 0.000000000000000000e+00
1.398011392305302252e+02 5.000000000000000000e+00
1.379360090846311095e+02 0.000000000000000000e+00
1.360708789387319939e+02 5.000000000000000000e+00
1.342057487928328783e+02 0.000000000000000000e+00
1.244149567324253667e+02 5.000000000000000000e+00
1.146241646720178551e+02 0.000000000000000000e+00
1.048333726116103435e+02 5.000000000000000000e+00
9.504258055120283188e+01 0.000000000000000000e+00
8.525178849079532029e+01 5.000000000000000000e+00
7.546099643038780869e+01 0.000000000000000000e+00
6.567020436998029709e+01 5.000000000000000000e+00
5.587941230957278549e+01 0.000000000000000000e+00
4.608862024916527389e+01 5.000000000000000000e+00
3.629782818875776229e+01 0.000000000000000000e+00
2.650703612835025780e+01 5.000000000000000000e+00
1.671624406794274975e+01 0.000000000000000000e+00
2.404075933167027301e+01 5.000000000000000000e+00
3.136527459539779272e+01 0.000000000000000000e+00
3.868978985912531243e+01 5.000000000000000000e+00
4.601430512285282504e+01 0.000000000000000000e+00
5.333882038658034475e+01 5.000000000000000000e+00
6.066333565030786446e+01 0.000000000000000000e+00
6.798785091403539127e+01 5.000000000000000000e+00
7.531236617776291098e+01 0.000000000000000000e+00
8.263688144149043069e+01 5.000000000000000000e+00
8.996139670521796461e+01 0.000000000000000000e+00
9.728591196894548432e+01 5.000000000000000000e+00
1.046104272326730040e+02 0.000000000000000000e+00
1.119349424964005237e+02 5.000000000000000000e+00
1.192594577601280434e+02 0.000000000000000000e+00
1.265839730238555774e+02 5.000000000000000000e+00
1.339084882875831113e+02 0.000000000000000000e+00
1.411808472264645502e+02 5.000000000000000000e+00
1.484532061653459891e+02 0.000000000000000000e+00
1.500000000000000000e+02 1.063474621958032662e+00
1.492227002615971969e+02 0.000000000000000000e+00
1.452675806452937763e+02 5.000000000000000000e+00
1.413124610289903558e+02 0.000000000000000000e+00
1.373573414126869352e+02 5.000000000000000000e+00
1.334022217963835146e+02 0.000000000000000000e+00
1.370310814133086694e+02 5.000000000000000000e+00
1.406599410302338242e+02 0.000000000000000000e+00
1.442888006471589790e+02 5.000000000000000000e+00
1.479176602640841338e+02 0.000000000000000000e+00
1.500000000000000000e+02 2.869137905202698846e+00
