1.471511319618763025e+02 0.000000000000000000e+00
1.386873590699321710e+02 5.000000000000000000e+00
1.302235861779880395e+02 0.000000000000000000e+00
1.217598132860439080e+02 5.000000000000000000e+00
1.132960403940997622e+02 0.000000000000000000e+00
1.048322675021556165e+02 5.000000000000000000e+00
9.636849461021148500e+01 0.000000000000000000e+00
8.790472171826732506e+01 5.000000000000000000e+00
7.944094882632317933e+01 0.000000000000000000e+00
7.097717593437903361e+01 5.000000000000000000e+00
6.251340304243488788e+01 0.000000000000000000e+00
5.404963015049074926e+01 5.000000000000000000e+00
5.239882863927608980e+01 0.000000000000000000e+00
5.627925853866458539e+01 5.000000000000000000e+00
6.059556390802283232e+01 0.000000000000000000e+00
5.450717633095562320e+01 5.000000000000000000e+00
6.174936825237308113e+01 0.000000000000000000e+00
6.735659100593818494e+01 5.000000000000000000e+00
7.296381375950329584e+01 0.000000000000000000e+00
7.857103651306840675e+01 5.000000000000000000e+00
8.417825926663351765e+01 0.000000000000000000e+00
8.978548202019862856e+01 5.000000000000000000e+00
9.539270477376373947e+01 0.000000000000000000e+00
1.009999275273288504e+02 5.000000000000000000e+00
1.066071502808939613e+02 0.000000000000000000e+00
1.122143730344590722e+02 5.000000000000000000e+00
1.178215957880241831e+02 0.000000000000000000e+00
1.234288185415892940e+02 5.000000000000000000e+00
1.290360412951544049e+02 0.000000000000000000e+00
1.346432640487194874e+02 5.000000000000000000e+00
1.402504868022845699e+02 0.000000000000000000e+00
1.458577095558496808e+02 5.000000000000000000e+00
1.500000000000000000e+02 1.306290452330760354e+00
