6.863019840834553520e+01 -2.500000000000000000e+00
6.165425758963404945e+01 2.500000000000000000e+00
5.467831677092256371e+01 -2.500000000000000000e+00
4.770237595221108506e+01 2.500000000000000000e+00
4.072643513349960642e+01 -2.500000000000000000e+00
3.375049431478812778e+01 2.500000000000000000e+00
2.677455349607664914e+01 -2.500000000000000000e+00
1.979861267736517760e+01 2.500000000000000000e+00
1.282267185865369186e+01 -2.500000000000000000e+00
5.846731039942213215e+00 2.500000000000000000e+00
-1.129209778769265426e+00 -2.500000000000000000e+00
-8.105150597480740515e+00 2.500000000000000000e+00
-1.508109141619221916e+01 -2.500000000000000000e+00
-2.205703223490369780e+01 2.500000000000000000e+00
-2.903297305361517644e+01 -2.500000000000000000e+00
-3.600891387232665863e+01 2.500000000000000000e+00
-3.213412261592607422e+01 -2.500000000000000000e+00
-2.825933135952548980e+01 2.500000000000000000e+00
-2.438454010312490539e+01 -2.500000000000000000e+00
-2.050974884672432097e+01 2.500000000000000000e+00
-1.663495759032373655e+01 -2.500000000000000000e+00
-1.276016633392315214e+01 2.500000000000000000e+00
-8.885375077522567722e+00 -2.500000000000000000e+00
-5.010583821121983306e+00 2.500000000000000000e+00
-1.135792564721398890e+00 -2.500000000000000000e+00
2.738998691679185526e+00 2.500000000000000000e+00
6.613789948079769943e+00 -2.500000000000000000e+00
1.048858120448035436e+01 2.500000000000000000e+00
1.436337246088093522e+01 -2.500000000000000000e+00
1.823816371728152674e+01 2.500000000000000000e+00
2.211295497368211471e+01 -2.500000000000000000e+00
2.598774623008269913e+01 2.500000000000000000e+00
2.986253748648328354e+01 -2.500000000000000000e+00
3.373732874288386085e+01 2.500000000000000000e+00
3.761211999928444527e+01 -2.500000000000000000e+00
4.148691125568502969e+01 2.500000000000000000e+00
4.536170251208561410e+01 -2.500000000000000000e+00
4.923649376848619852e+01 2.500000000000000000e+00
5.311128502488678294e+01 -2.500000000000000000e+00
5.698607628128736735e+01 2.500000000000000000e+00
6.086086753768795177e+01 -2.500000000000000000e+00
6.473565879408853618e+01 2.500000000000000000e+00
6.861045005048912060e+01 -2.500000000000000000e+00
7.248524130688970502e+01 2.500000000000000000e+00
7.500000000000000000e+01 -7.450247338566754474e-01
