7.176135759663088720e+01 2.500000000000000000e+00
6.687309152951030455e+01 -2.500000000000000000e+00
6.198482546238972901e+01 2.500000000000000000e+00
5.709655939526918189e+01 -2.500000000000000000e+00
5.220829332814860635e+01 2.500000000000000000e+00
4.732002726102803081e+01 -2.500000000000000000e+00
4.089119531125876961e+01 2.500000000000000000e+00
3.446236336148950841e+01 -2.500000000000000000e+00
7.036794728427121726e+00 2.500000000000000000e+00
-2.038877390463526496e+01 -2.500000000000000000e+00
-4.781434253769764808e+01 2.500000000000000000e+00
-7.500000000000000000e+01 -2.456261404463495612e+00
