1.468192760965587240e+02 5.000000000000000000e+00
1.398949413961896653e+02 0.000000000000000000e+00
1.329706066958206065e+02 5.000000000000000000e+00
1.260462719954515478e+02 0.000000000000000000e+00
1.191219372950825175e+02 5.000000000000000000e+00
1.121976025947134730e+02 0.000000000000000000e+00
1.052732678943444284e+02 5.000000000000000000e+00
9.834893319397539813e+01 0.000000000000000000e+00
9.142459849360636781e+01 5.000000000000000000e+00
8.450026379323732328e+01 0.000000000000000000e+00
7.757592909286827876e+01 5.000000000000000000e+00
7.065159439249924844e+01 0.000000000000000000e+00
6.372725969213020392e+01 5.000000000000000000e+00
5.680292499176115939e+01 0.000000000000000000e+00
4.987859029139211486e+01 5.000000000000000000e+00
4.295425559102307034e+01 0.000000000000000000e+00
3.602992089065402581e+01 5.000000000000000000e+00
2.910558619028498129e+01 0.000000000000000000e+00
2.218125148991594031e+01 5.000000000000000000e+00
1.525691678954689756e+01 0.000000000000000000e+00
1.072728702747872909e+01 5.000000000000000000e+00
6.197657265410560612e+00 0.000000000000000000e+00
1.668027503342392581e+00 5.000000000000000000e+00
0.000000000000000000e+00 3.158759555460010304e+00
1.494910879102086199e+02 5.000000000000000000e+00
1.482716731943426112e+02 0.000000000000000000e+00
1.470522584784766025e+02 5.000000000000000000e+00
1.458328437626105938e+02 0.000000000000000000e+00
1.446134290467445851e+02 5.000000000000000000e+00
1.433940143308785764e+02 0.000000000000000000e+00
1.421745996150125677e+02 5.000000000000000000e+00
1.409551848991465590e+02 0.000000000000000000e+00
1.397357701832805503e+02 5.000000000000000000e+00
1.385163554674145416e+02 0.000000000000000000e+00
1.372969407515485329e+02 5.000000000000000000e+00
1.360775260356825243e+02 0.000000000000000000e+00
1.348581113198165156e+02 5.000000000000000000e+00
1.336386966039505069e+02 0.000000000000000000e+00
1.342271470859555507e+02 5.000000000000000000e+00
1.348155975679605945e+02 0.000000000000000000e+00
1.102238451744859447e+02 5.000000000000000000e+00
8.563209278101129485e+01 0.000000000000000000e+00
6.104034038753663083e+01 5.000000000000000000e+00
3.644858799406197392e+01 0.000000000000000000e+00
1.185683560058731345e+01 5.000000000000000000e+00
0.000000000000000000e+00 2.589265821549691093e+00
1.324963404847131301e+02 0.000000000000000000e+00
1.368178930114917193e+02 5.000000000000000000e+00
1.411394455382703086e+02 0.000000000000000000e+00
1.454609980650488978e+02 5.000000000000000000e+00
1.497825505918274871e+02 0.000000000000000000e+00
1.500000000000000000e+02 2.515871400672367031e-01
1.304428474604749510e+02 5.000000000000000000e+00
9.459071499325122545e+01 0.000000000000000000e+00
5.873858252602748564e+01 5.000000000000000000e+00
2.288645005880376004e+01 0.000000000000000000e+00
0.000000000000000000e+00 3.191783651882731387e+00
1.462054901421649902e+02 0.000000000000000000e+00
1.416506686162693143e+02 5.000000000000000000e+00
1.370958470903736384e+02 0.000000000000000000e+00
1.325410255644779625e+02 5.000000000000000000e+00
1.279862040385822866e+02 0.000000000000000000e+00
1.234313825126866391e+02 5.000000000000000000e+00
1.188765609867909916e+02 0.000000000000000000e+00
1.143217394608953441e+02 5.000000000000000000e+00
1.097669179349996966e+02 0.000000000000000000e+00
1.052120964091040491e+02 5.000000000000000000e+00
1.006572748832084017e+02 0.000000000000000000e+00
9.610245335731275418e+01 5.000000000000000000e+00
9.154763183141710670e+01 0.000000000000000000e+00
8.699281030552145921e+01 5.000000000000000000e+00
8.243798877962581173e+01 0.000000000000000000e+00
7.788316725373016425e+01 5.000000000000000000e+00
7.332834572783451677e+01 0.000000000000000000e+00
6.877352420193886928e+01 5.000000000000000000e+00
6.421870267604322180e+01 0.000000000000000000e+00
5.966388115014756011e+01 5.000000000000000000e+00
5.510905962425189841e+01 0.000000000000000000e+00
5.055423809835623672e+01 5.000000000000000000e+00
4.599941657246057503e+01 0.000000000000000000e+00
4.144459504656491333e+01 5.000000000000000000e+00
3.688977352066925164e+01 0.000000000000000000e+00
3.233495199477358994e+01 5.000000000000000000e+00
2.778013046887792470e+01 0.000000000000000000e+00
2.322530894298225945e+01 5.000000000000000000e+00
1.867048741708659421e+01 0.000000000000000000e+00
1.411566589119092896e+01 5.000000000000000000e+00
9.560844365295267266e+00 0.000000000000000000e+00
5.006022839399604685e+00 5.000000000000000000e+00
4.512013135039412148e-01 0.000000000000000000e+00
0.000000000000000000e+00 4.953007608955841690e-01
1.434739355287347280e+02 5.000000000000000000e+00
1.353587023050435505e+02 0.000000000000000000e+00
1.303678997889325615e+02 5.000000000000000000e+00
1.253770972728215725e+02 0.000000000000000000e+00
1.203862947567105977e+02 5.000000000000000000e+00
1.153954922405996228e+02 0.000000000000000000e+00
1.104046897244886480e+02 5.000000000000000000e+00
1.054138872083776732e+02 0.000000000000000000e+00
1.004230846922666984e+02 5.000000000000000000e+00
9.543228217615572362e+01 0.000000000000000000e+00
9.044147966004474881e+01 5.000000000000000000e+00
8.545067714393377400e+01 0.000000000000000000e+00
8.045987462782279920e+01 5.000000000000000000e+00
7.546907211171182439e+01 0.000000000000000000e+00
7.047826959560084958e+01 5.000000000000000000e+00
6.548746707948987478e+01 0.000000000000000000e+00
6.049666456337889997e+01 5.000000000000000000e+00
5.550586204726792516e+01 0.000000000000000000e+00
5.051505953115695036e+01 5.000000000000000000e+00
4.552425701504598266e+01 0.000000000000000000e+00
4.053345449893501495e+01 5.000000000000000000e+00
3.554265198282404725e+01 0.000000000000000000e+00
3.055184946671307955e+01 5.000000000000000000e+00
2.556104695060211185e+01 0.000000000000000000e+00
2.057024443449114059e+01 5.000000000000000000e+00
1.557944191838016934e+01 0.000000000000000000e+00
2.069701384314958403e+01 5.000000000000000000e+00
2.581458576791900583e+01 0.000000000000000000e+00
3.093215769268842052e+01 5.000000000000000000e+00
3.604972961745782811e+01 0.000000000000000000e+00
4.116730154222724281e+01 5.000000000000000000e+00
4.628487346699666460e+01 0.000000000000000000e+00
5.140244539176608640e+01 5.000000000000000000e+00
5.652001731653550820e+01 0.000000000000000000e+00
6.163758924130493000e+01 5.000000000000000000e+00
6.675516116607434469e+01 0.000000000000000000e+00
7.187273309084375228e+01 5.000000000000000000e+00
7.699030501561315987e+01 0.000000000000000000e+00
8.210787694038256745e+01 5.000000000000000000e+00
8.722544886515197504e+01 0.000000000000000000e+00
9.234302078992138263e+01 5.000000000000000000e+00
9.746059271469079022e+01 0.000000000000000000e+00
1.025781646394601978e+02 5.000000000000000000e+00
1.076957365642296054e+02 0.000000000000000000e+00
1.128133084889990130e+02 5.000000000000000000e+00
1.179308804137684348e+02 0.000000000000000000e+00
1.230484523385378424e+02 5.000000000000000000e+00
1.281660242633072642e+02 0.000000000000000000e+00
1.332835961880766718e+02 5.000000000000000000e+00
1.384011681128460793e+02 0.000000000000000000e+00
1.435187400376154869e+02 5.000000000000000000e+00
1.486363119623848945e+02 0.000000000000000000e+00
1.500000000000000000e+02 1.332358448168321274e+00
1.487277971938661381e+02 0.000000000000000000e+00
1.423420361943381067e+02 5.000000000000000000e+00
1.359562751948100754e+02 0.000000000000000000e+00
1.384188909546312516e+02 5.000000000000000000e+00
1.408815067144524278e+02 0.000000000000000000e+00
1.433441224742736040e+02 5.000000000000000000e+00
1.458067382340947802e+02 0.000000000000000000e+00
1.482693539939159564e+02 5.000000000000000000e+00
1.500000000000000000e+02 1.486163139373150699e+00
1.486514722488499842e+02 0.000000000000000000e+00
1.466569367376039565e+02 5.000000000000000000e+00
1.446624012263579289e+02 0.000000000000000000e+00
1.426678657151119012e+02 5.000000000000000000e+00
1.406733302038658735e+02 0.000000000000000000e+00
1.386787946926198458e+02 5.000000000000000000e+00
1.366842591813738181e+02 0.000000000000000000e+00
1.346897236701277905e+02 5.000000000000000000e+00
1.326951881588817628e+02 0.000000000000000000e+00
1.373730887078212959e+02 5.000000000000000000e+00
1.420509892567608290e+02 0.000000000000000000e+00
1.467288898057003621e+02 5.000000000000000000e+00
1.500000000000000000e+02 1.503655689044956834e+00
1.499731735919621372e+02 5.000000000000000000e+00
1.435752260779272547e+02 0.000000000000000000e+00
1.371772785638923722e+02 5.000000000000000000e+00
1.307793310498574897e+02 0.000000000000000000e+00
1.243813835358226072e+02 5.000000000000000000e+00
1.179834360217877531e+02 0.000000000000000000e+00
1.115854885077528849e+02 5.000000000000000000e+00
1.051875409937180166e+02 0.000000000000000000e+00
9.878959347968314830e+01 5.000000000000000000e+00
9.239164596564828003e+01 0.000000000000000000e+00
8.599369845161342596e+01 5.000000000000000000e+00
7.959575093757857189e+01 0.000000000000000000e+00
7.319780342354371783e+01 5.000000000000000000e+00
6.679985590950886376e+01 0.000000000000000000e+00
6.040190839547399548e+01 5.000000000000000000e+00
5.400396088143912721e+01 0.000000000000000000e+00
4.760601336740425893e+01 5.000000000000000000e+00
4.120806585336939065e+01 0.000000000000000000e+00
3.481011833933452237e+01 5.000000000000000000e+00
2.841217082529965410e+01 0.000000000000000000e+00
2.201422331126478582e+01 5.000000000000000000e+00
1.561627579722991754e+01 0.000000000000000000e+00
1.328675195609950421e+01 5.000000000000000000e+00
1.095722811496909088e+01 0.000000000000000000e+00
8.627704273838677551e+00 5.000000000000000000e+00
6.298180432708263332e+00 0.000000000000000000e+00
3.968656591577850445e+00 5.000000000000000000e+00
1.639132750447437337e+00 0.000000000000000000e+00
0.000000000000000000e+00 3.518171227756225594e+00
1.499309488004709294e+02 0.000000000000000000e+00
1.480615026252433211e+02 5.000000000000000000e+00
1.461920564500157127e+02 0.000000000000000000e+00
1.443226102747881043e+02 5.000000000000000000e+00
1.424531640995604960e+02 0.000000000000000000e+00
1.405837179243328876e+02 5.000000000000000000e+00
1.387142717491052792e+02 0.000000000000000000e+00
1.368448255738776709e+02 5.000000000000000000e+00
1.349753793986500625e+02 0.000000000000000000e+00
1.330953779201956308e+02 5.000000000000000000e+00
1.312153764417411708e+02 0.000000000000000000e+00
1.234196359905474196e+02 5.000000000000000000e+00
1.156238955393536827e+02 0.000000000000000000e+00
1.078281550881599458e+02 5.000000000000000000e+00
1.000324146369662088e+02 0.000000000000000000e+00
9.223667418577247190e+01 5.000000000000000000e+00
8.444093373457873497e+01 0.000000000000000000e+00
7.664519328338499804e+01 5.000000000000000000e+00
6.884945283219126111e+01 0.000000000000000000e+00
6.105371238099752418e+01 5.000000000000000000e+00
5.325797192980378725e+01 0.000000000000000000e+00
4.546223147861005032e+01 5.000000000000000000e+00
3.766649102741631339e+01 0.000000000000000000e+00
2.987075057622258001e+01 5.000000000000000000e+00
2.207501012502884308e+01 0.000000000000000000e+00
1.427926967383510615e+01 5.000000000000000000e+00
6.483529222641368328e+00 0.000000000000000000e+00
0.000000000000000000e+00 4.158379350385226658e+00
