1.456092518449488296e+02 5.000000000000000000e+00
1.401381666112430366e+02 0.000000000000000000e+00
1.346670813775372437e+02 5.000000000000000000e+00
1.291959961438314508e+02 0.000000000000000000e+00
1.237249109101256579e+02 5.000000000000000000e+00
1.182538256764198650e+02 0.000000000000000000e+00
1.127827404427140721e+02 5.000000000000000000e+00
1.073116552090082791e+02 0.000000000000000000e+00
1.018405699753024862e+02 5.000000000000000000e+00
9.636948474159669331e+01 0.000000000000000000e+00
9.089839950789090040e+01 5.000000000000000000e+00
8.542731427418510748e+01 0.000000000000000000e+00
7.995622904047931456e+01 5.000000000000000000e+00
7.448514380677352165e+01 0.000000000000000000e+00
7.895310730703315016e+01 5.000000000000000000e+00
8.342107080729277868e+01 0.000000000000000000e+00
8.788903430755240720e+01 5.000000000000000000e+00
9.235699780781203572e+01 0.000000000000000000e+00
9.682496130807166423e+01 5.000000000000000000e+00
1.012929248083312928e+02 0.000000000000000000e+00
1.057608883085909213e+02 5.000000000000000000e+00
1.102288518088505498e+02 0.000000000000000000e+00
1.146968153091101783e+02 5.000000000000000000e+00
1.191647788093698068e+02 0.000000000000000000e+00
1.236327423096294353e+02 5.000000000000000000e+00
1.281007058098890639e+02 0.000000000000000000e+00
1.325686693101486924e+02 5.000000000000000000e+00
1.370366328104083209e+02 0.000000000000000000e+00
1.415045963106679494e+02 5.000000000000000000e+00
1.459725598109275779e+02 0.000000000000000000e+00
1.500000000000000000e+02 4.507020020237860081e+00
1.432568396350330886e+02 0.000000000000000000e+00
1.253115894858974997e+02 5.000000000000000000e+00
1.073663393367619108e+02 0.000000000000000000e+00
8.942108918762630765e+01 5.000000000000000000e+00
7.147583903849071874e+01 0.000000000000000000e+00
5.353058888935512982e+01 5.000000000000000000e+00
3.558533874021954091e+01 0.000000000000000000e+00
1.764008859108395200e+01 5.000000000000000000e+00
0.000000000000000000e+00 8.502571864854546746e-02
1.477897643303489303e+02 0.000000000000000000e+00
1.443426157172015962e+02 5.000000000000000000e+00
1.408954671040542621e+02 0.000000000000000000e+00
1.374483184909069280e+02 5.000000000000000000e+00
1.340011698777595939e+02 0.000000000000000000e+00
1.176676321027219387e+02 5.000000000000000000e+00
1.013340943276843120e+02 0.000000000000000000e+00
8.500055655264668530e+01 5.000000000000000000e+00
6.866701877760904438e+01 0.000000000000000000e+00
5.233348100257141056e+01 5.000000000000000000e+00
3.599994322753376252e+01 0.000000000000000000e+00
1.966640545249612160e+01 5.000000000000000000e+00
3.332867677458483335e+00 0.000000000000000000e+00
0.000000000000000000e+00 1.020252845207872294e+00
1.492626583544693801e+02 0.000000000000000000e+00
1.470718808580970745e+02 5.000000000000000000e+00
1.448811033617247688e+02 0.000000000000000000e+00
1.426903258653524631e+02 5.000000000000000000e+00
1.404995483689801574e+02 0.000000000000000000e+00
1.383087708726078517e+02 5.000000000000000000e+00
1.361179933762355461e+02 0.000000000000000000e+00
1.339272158798632404e+02 5.000000000000000000e+00
1.317364383834909347e+02 0.000000000000000000e+00
1.301823866130664555e+02 5.000000000000000000e+00
1.286283348426419764e+02 0.000000000000000000e+00
1.270742830722174972e+02 5.000000000000000000e+00
1.255202313017930038e+02 0.000000000000000000e+00
1.239661795313685104e+02 5.000000000000000000e+00
1.224121277609440170e+02 0.000000000000000000e+00
1.208580759905195237e+02 5.000000000000000000e+00
1.193040242200950161e+02 0.000000000000000000e+00
1.177499724496705085e+02 5.000000000000000000e+00
1.161959206792460009e+02 0.000000000000000000e+00
1.146418689088214933e+02 5.000000000000000000e+00
1.130878171383969857e+02 0.000000000000000000e+00
1.115337653679724781e+02 5.000000000000000000e+00
1.087233858878446426e+02 0.000000000000000000e+00
1.059130064077168072e+02 5.000000000000000000e+00
1.031026269275889717e+02 0.000000000000000000e+00
1.002922474474611363e+02 5.000000000000000000e+00
9.748186796733330084e+01 0.000000000000000000e+00
9.467148848720547960e+01 5.000000000000000000e+00
9.186110900707765836e+01 0.000000000000000000e+00
8.905072952694985133e+01 5.000000000000000000e+00
9.357536660792612793e+01 0.000000000000000000e+00
9.810000368890240452e+01 5.000000000000000000e+00
1.026246407698786811e+02 0.000000000000000000e+00
1.071492778508549577e+02 5.000000000000000000e+00
1.116739149318312343e+02 0.000000000000000000e+00
1.161985520128075109e+02 5.000000000000000000e+00
1.207231890937837875e+02 0.000000000000000000e+00
1.252478261747600641e+02 5.000000000000000000e+00
1.297724632557363407e+02 0.000000000000000000e+00
1.342971003367126457e+02 5.000000000000000000e+00
1.388217374176889507e+02 0.000000000000000000e+00
1.433463744986652557e+02 5.000000000000000000e+00
1.478710115796415607e+02 0.000000000000000000e+00
1.500000000000000000e+02 2.352662083451626529e+00
1.462600013382602810e+02 0.000000000000000000e+00
1.421906390631489501e+02 5.000000000000000000e+00
1.381212767880376191e+02 0.000000000000000000e+00
1.340519145129262881e+02 5.000000000000000000e+00
1.299825522378149572e+02 0.000000000000000000e+00
1.259131899627036262e+02 5.000000000000000000e+00
1.218438276875922952e+02 0.000000000000000000e+00
1.177744654124809927e+02 5.000000000000000000e+00
1.137051031373696759e+02 0.000000000000000000e+00
1.096357408622583591e+02 5.000000000000000000e+00
1.055663785871470282e+02 0.000000000000000000e+00
1.014970163120356972e+02 5.000000000000000000e+00
9.742765403692436621e+01 0.000000000000000000e+00
9.335829176181303524e+01 5.000000000000000000e+00
8.928892948670171847e+01 0.000000000000000000e+00
8.521956721159040171e+01 5.000000000000000000e+00
8.115020493647907074e+01 0.000000000000000000e+00
7.708084266136773977e+01 5.000000000000000000e+00
7.301148038625642300e+01 0.000000000000000000e+00
7.827756201999181940e+01 5.000000000000000000e+00
8.354364365372721579e+01 0.000000000000000000e+00
8.880972528746261219e+01 5.000000000000000000e+00
9.407580692119800858e+01 0.000000000000000000e+00
9.934188855493340498e+01 5.000000000000000000e+00
1.046079701886688014e+02 0.000000000000000000e+00
1.098740518224041978e+02 5.000000000000000000e+00
1.151401334561395942e+02 0.000000000000000000e+00
1.204062150898749906e+02 5.000000000000000000e+00
1.256722967236103869e+02 0.000000000000000000e+00
1.309383783573457833e+02 5.000000000000000000e+00
1.362044599910811939e+02 0.000000000000000000e+00
1.414705416248166046e+02 5.000000000000000000e+00
1.467366232585520152e+02 0.000000000000000000e+00
1.500000000000000000e+02 3.098486662780002732e+00
1.266057728649718399e+02 0.000000000000000000e+00
1.013852824027066504e+02 5.000000000000000000e+00
7.616479194044146084e+01 0.000000000000000000e+00
5.094430147817627130e+01 5.000000000000000000e+00
2.572381101591107821e+01 0.000000000000000000e+00
5.033205536458904561e-01 5.000000000000000000e+00
0.000000000000000000e+00 4.900215946553664992e+00
1.493503880832920458e+02 0.000000000000000000e+00
1.444239703937101922e+02 5.000000000000000000e+00
1.394975527041283385e+02 0.000000000000000000e+00
1.345711350145464849e+02 5.000000000000000000e+00
1.296447173249646312e+02 0.000000000000000000e+00
1.247182996353827775e+02 5.000000000000000000e+00
1.197918819458009523e+02 0.000000000000000000e+00
1.148654642562190986e+02 5.000000000000000000e+00
1.099390465666372450e+02 0.000000000000000000e+00
1.050126288770554055e+02 5.000000000000000000e+00
1.000862111874735660e+02 0.000000000000000000e+00
9.515979349789171238e+01 5.000000000000000000e+00
9.023337580830987292e+01 0.000000000000000000e+00
8.530695811872803347e+01 5.000000000000000000e+00
8.038054042914619401e+01 0.000000000000000000e+00
7.545412273956435456e+01 5.000000000000000000e+00
7.052770504998250090e+01 0.000000000000000000e+00
6.560128736040066144e+01 5.000000000000000000e+00
6.067486967081882199e+01 0.000000000000000000e+00
5.574845198123697543e+01 5.000000000000000000e+00
5.082203429165512887e+01 0.000000000000000000e+00
4.589561660207327520e+01 5.000000000000000000e+00
4.096919891249142154e+01 0.000000000000000000e+00
3.604278122290956787e+01 5.000000000000000000e+00
3.468604525973098873e+01 0.000000000000000000e+00
3.332930929655240959e+01 5.000000000000000000e+00
3.197257333337383045e+01 0.000000000000000000e+00
3.061583737019525131e+01 5.000000000000000000e+00
2.925910140701667217e+01 0.000000000000000000e+00
2.790236544383809303e+01 5.000000000000000000e+00
2.654562948065951389e+01 0.000000000000000000e+00
2.518889351748093475e+01 5.000000000000000000e+00
2.383215755430235561e+01 0.000000000000000000e+00
2.247542159112377647e+01 5.000000000000000000e+00
2.111868562794519733e+01 0.000000000000000000e+00
1.976194966476661818e+01 5.000000000000000000e+00
1.840521370158803904e+01 0.000000000000000000e+00
1.704847773840945990e+01 5.000000000000000000e+00
1.569174177523088076e+01 0.000000000000000000e+00
1.680118108564406398e+01 5.000000000000000000e+00
1.791062039605725076e+01 0.000000000000000000e+00
1.902005970647043753e+01 5.000000000000000000e+00
2.012949901688362431e+01 0.000000000000000000e+00
2.123893832729681108e+01 5.000000000000000000e+00
2.234837763770999786e+01 0.000000000000000000e+00
2.345781694812318463e+01 5.000000000000000000e+00
2.456725625853637140e+01 0.000000000000000000e+00
2.567669556894955818e+01 5.000000000000000000e+00
2.678613487936274495e+01 0.000000000000000000e+00
2.789557418977593173e+01 5.000000000000000000e+00
2.900501350018911850e+01 0.000000000000000000e+00
3.011445281060230528e+01 5.000000000000000000e+00
3.122389212101549205e+01 0.000000000000000000e+00
3.233333143142867527e+01 5.000000000000000000e+00
3.344277074184185494e+01 0.000000000000000000e+00
3.455221005225503461e+01 5.000000000000000000e+00
3.566164936266821428e+01 0.000000000000000000e+00
3.677108867308139395e+01 5.000000000000000000e+00
3.788052798349457362e+01 0.000000000000000000e+00
3.898996729390775329e+01 5.000000000000000000e+00
4.009940660432093296e+01 0.000000000000000000e+00
4.120884591473411263e+01 5.000000000000000000e+00
4.231828522514729229e+01 0.000000000000000000e+00
4.342772453556047196e+01 5.000000000000000000e+00
5.536081449269351396e+01 0.000000000000000000e+00
6.729390444982655595e+01 5.000000000000000000e+00
7.922699440695959083e+01 0.000000000000000000e+00
9.116008436409262572e+01 5.000000000000000000e+00
1.030931743212256606e+02 0.000000000000000000e+00
1.150262642783586955e+02 5.000000000000000000e+00
1.269593542354917304e+02 0.000000000000000000e+00
1.388924441926247653e+02 5.000000000000000000e+00
1.500000000000000000e+02 3.459012513621106955e-01
1.480606676995242594e+02 0.000000000000000000e+00
1.448868925878090010e+02 5.000000000000000000e+00
1.417131174760937427e+02 0.000000000000000000e+00
1.385393423643784843e+02 5.000000000000000000e+00
1.353655672526632259e+02 0.000000000000000000e+00
1.306197891948803544e+02 5.000000000000000000e+00
1.258740111370974972e+02 0.000000000000000000e+00
1.211282330793146400e+02 5.000000000000000000e+00
1.163824550215317828e+02 0.000000000000000000e+00
1.116366769637489256e+02 5.000000000000000000e+00
1.068908989059660541e+02 0.000000000000000000e+00
1.021451208481831827e+02 5.000000000000000000e+00
9.739934279040031129e+01 0.000000000000000000e+00
9.265356473261743986e+01 5.000000000000000000e+00
8.790778667483456843e+01 0.000000000000000000e+00
8.316200861705169700e+01 5.000000000000000000e+00
7.841623055926883978e+01 0.000000000000000000e+00
7.367045250148598257e+01 5.000000000000000000e+00
6.892467444370311114e+01 0.000000000000000000e+00
6.417889638592023971e+01 5.000000000000000000e+00
5.943311832813738249e+01 0.000000000000000000e+00
5.468734027035451106e+01 5.000000000000000000e+00
4.994156221257163963e+01 0.000000000000000000e+00
4.519578415478876821e+01 5.000000000000000000e+00
4.045000609700589678e+01 0.000000000000000000e+00
3.570422803922302535e+01 5.000000000000000000e+00
3.095844998144015392e+01 0.000000000000000000e+00
2.621267192365728249e+01 5.000000000000000000e+00
2.146689386587441106e+01 0.000000000000000000e+00
1.672111580809153963e+01 5.000000000000000000e+00
1.197533775030866465e+01 0.000000000000000000e+00
7.229559692525791448e+00 5.000000000000000000e+00
2.483781634742917355e+00 0.000000000000000000e+00
0.000000000000000000e+00 2.616832903373579544e+00
1.380261080270310856e+02 0.000000000000000000e+00
1.144124933769013239e+02 5.000000000000000000e+00
9.079887872677154803e+01 0.000000000000000000e+00
6.718526407664177214e+01 5.000000000000000000e+00
4.357164942651199624e+01 0.000000000000000000e+00
1.995803477638222034e+01 5.000000000000000000e+00
0.000000000000000000e+00 7.740407235212218851e-01
1.497156910942761954e+02 5.000000000000000000e+00
1.472735289728589692e+02 0.000000000000000000e+00
1.448313668514417145e+02 5.000000000000000000e+00
1.423892047300244599e+02 0.000000000000000000e+00
1.399470426086072052e+02 5.000000000000000000e+00
1.375048804871899506e+02 0.000000000000000000e+00
1.350627183657726960e+02 5.000000000000000000e+00
1.326205562443554413e+02 0.000000000000000000e+00
1.199327805318825000e+02 5.000000000000000000e+00
1.072450048194095729e+02 0.000000000000000000e+00
9.455722910693664574e+01 5.000000000000000000e+00
8.186945339446371861e+01 0.000000000000000000e+00
6.918167768199079148e+01 5.000000000000000000e+00
5.649390196951786436e+01 0.000000000000000000e+00
4.380612625704493013e+01 5.000000000000000000e+00
3.111835054457199590e+01 0.000000000000000000e+00
1.843057483209906167e+01 5.000000000000000000e+00
5.742799119626130100e+00 0.000000000000000000e+00
0.000000000000000000e+00 2.263122886851071769e+00
