7.430270245972616294e+01 2.500000000000000000e+00
7.074240603233863567e+01 -2.500000000000000000e+00
6.718210960495110839e+01 2.500000000000000000e+00
6.362181317756357402e+01 -2.500000000000000000e+00
6.006151675017603964e+01 2.500000000000000000e+00
5.650122032278850526e+01 -2.500000000000000000e+00
5.294092389540097088e+01 2.500000000000000000e+00
4.938062746801343650e+01 -2.500000000000000000e+00
4.582033104062590212e+01 2.500000000000000000e+00
4.226003461323836774e+01 -2.500000000000000000e+00
3.869973818585083336e+01 2.500000000000000000e+00
3.513944175846329898e+01 -2.500000000000000000e+00
3.157914533107575394e+01 2.500000000000000000e+00
2.801884890368821956e+01 -2.500000000000000000e+00
2.445855247630068163e+01 2.500000000000000000e+00
2.089825604891314725e+01 -2.500000000000000000e+00
1.733795962152561998e+01 2.500000000000000000e+00
1.377766319413808560e+01 -2.500000000000000000e+00
1.021736676675054412e+01 2.500000000000000000e+00
6.657070339363002631e+00 -2.500000000000000000e+00
3.096773911975461147e+00 2.500000000000000000e+00
-4.635225154120803381e-01 -2.500000000000000000e+00
-4.023818942799614717e+00 2.500000000000000000e+00
-7.584115370187152649e+00 -2.500000000000000000e+00
-1.114441179757469413e+01 2.500000000000000000e+00
-1.470470822496223562e+01 -2.500000000000000000e+00
-1.826500465234977000e+01 2.500000000000000000e+00
-2.182530107973730438e+01 -2.500000000000000000e+00
-2.538559750712484586e+01 2.500000000000000000e+00
-2.457528639817098437e+01 -2.500000000000000000e+00
-2.376497528921712288e+01 2.500000000000000000e+00
-2.295466418026326139e+01 -2.500000000000000000e+00
-2.214435307130939989e+01 2.500000000000000000e+00
-2.133404196235553840e+01 -2.500000000000000000e+00
-2.052373085340167691e+01 2.500000000000000000e+00
-1.971341974444781542e+01 -2.500000000000000000e+00
-1.890310863549395393e+01 2.500000000000000000e+00
-1.809279752654009243e+01 -2.500000000000000000e+00
-1.728248641758623094e+01 2.500000000000000000e+00
-1.647217530863236945e+01 -2.500000000000000000e+00
-1.566186419967850796e+01 2.500000000000000000e+00
-1.485155309072464647e+01 -2.500000000000000000e+00
-1.404124198177078497e+01 2.500000000000000000e+00
-1.323093087281692348e+01 -2.500000000000000000e+00
-1.242061976386306199e+01 2.500000000000000000e+00
-1.161030865490920050e+01 -2.500000000000000000e+00
-1.079999754595533901e+01 2.500000000000000000e+00
-6.006611259002568204e+00 -2.500000000000000000e+00
-1.213224972049793848e+00 2.500000000000000000e+00
3.580161314902973402e+00 -2.500000000000000000e+00
8.373547601855744205e+00 2.500000000000000000e+00
1.316693388880851501e+01 -2.500000000000000000e+00
1.796032017576128581e+01 2.500000000000000000e+00
2.275370646271406017e+01 -2.500000000000000000e+00
2.754709274966683097e+01 2.500000000000000000e+00
3.234047903661959822e+01 -2.500000000000000000e+00
3.713386532357236547e+01 2.500000000000000000e+00
4.192725161052513272e+01 -2.500000000000000000e+00
4.672063789747789997e+01 2.500000000000000000e+00
5.151402418443066722e+01 -2.500000000000000000e+00
5.630741047138343447e+01 2.500000000000000000e+00
6.110079675833620172e+01 -2.500000000000000000e+00
6.589418304528896897e+01 2.500000000000000000e+00
7.068756933224175043e+01 -2.500000000000000000e+00
7.500000000000000000e+01 1.998313310880400540e+00
