1.470769580180514140e+02 5.000000000000000000e+00
1.337885072248213874e+02 0.000000000000000000e+00
1.205000564315913749e+02 5.000000000000000000e+00
1.072116056383613625e+02 0.000000000000000000e+00
9.392315484513135004e+01 5.000000000000000000e+00
8.063470405190133761e+01 0.000000000000000000e+00
6.734625325867132517e+01 5.000000000000000000e+00
5.405780246544131273e+01 0.000000000000000000e+00
4.076935167221130030e+01 5.000000000000000000e+00
3.343597896589099605e+01 0.000000000000000000e+00
2.610260625957068825e+01 5.000000000000000000e+00
1.876923355325037335e+01 0.000000000000000000e+00
1.143586084693006200e+01 5.000000000000000000e+00
4.102488140609752421e+00 0.000000000000000000e+00
0.000000000000000000e+00 2.797135987015905823e+00
