-0.03881758513414398
0.13184546156496293
-0.0006014167197226391
0.5953689372282427
-0.01025163653314071
-0.29720425571480796
0.0365336574732152
0.9269260543957966
-0.16371387057403647
0.005952488200292993
-0.029709936558201706
0.008899698441174725
1.0957848677968485
0.04994376323322364
-0.2264343172854905
0.21114993992763462
0.24027011162929768
0.027674082670144106
-0.02530887983939308
-0.6345450230193871
-0.7323681078658332
0.2999418858641979
0.06378818451030062
-0.030424543095731782
-0.8577912373279128
0.3196725996759925
0.025392917495143563
0.34382962882329987
0.3900611159151094
0.06309234738263889
-0.21196661079104467
0.033251752323885386
0.4935012597307604
-0.8847687472532269
0.17630482679281648
-0.05742458367683596
0.06996648875141803
0.7372427439844167
0.19649151867255152
-0.345560722841778
-0.011617078252136405
0.47665691935038057
0.100665012832647
0.23628237098865984
-0.14160842098882181
-0.0482050674088313
0.22269895887051716
0.021802463015868564
-0.4255497552164944
-0.6718164756388005
0.07276451700842529
0.32954407732236396
-0.006176214884005278
-0.1535729145824827
0.4892358598693561
-0.5035677803282641
0.3142255968943981
0.3927786207774366
0.09546102665784956
-0.475374856817884
0.47732852933243075
0.3539044650577683
0.22075972131747157
-0.3022561654270687
0.2869932838677933
-0.5426654505501521
0.04035827172623413
0.015068042995503968
0.04705952619136827
0.47732085177804695
-0.01516400253220868
0.20557172457671083
0.0005673375896729985
-0.2079382082005936
0.0033748529731686943
0.10382809249280997
-0.09833210050366997
-0.16617357592158286
-0.0029021515278229784
0.7418969469496681
0.011843811218899498
0.24225048365657448
1.311082312645092
-0.0018587404223043406
-0.14791303664566652
-0.27645367513748687
-0.502290870197599
-0.03221144591193653
0.40384300909319193
0.0009946466966351264
1.0323074900947518
0.013324204590859097
0.6458372293056767
0.0590981887071303
-0.6054736305771862
-0.05654957129600876
-0.008679587821828708
0.06140848072009455
