2.500000000000000000e-01
7.500000000000000000e-01
1.250000000000000000e+00
1.750000000000000000e+00
2.250000000000000000e+00
2.750000000000000000e+00
3.250000000000000000e+00
3.750000000000000000e+00
4.250000000000000000e+00
4.750000000000000000e+00
5.250000000000000000e+00
5.750000000000000000e+00
6.250000000000000000e+00
6.750000000000000000e+00
7.250000000000000000e+00
7.750000000000000000e+00
8.250000000000000000e+00
8.750000000000000000e+00
9.250000000000000000e+00
9.750000000000000000e+00
1.025000000000000000e+01
1.075000000000000000e+01
1.125000000000000000e+01
1.175000000000000000e+01
1.225000000000000000e+01
1.275000000000000000e+01
1.325000000000000000e+01
1.375000000000000000e+01
1.425000000000000000e+01
1.475000000000000000e+01
1.525000000000000000e+01
1.575000000000000000e+01
1.625000000000000000e+01
1.675000000000000000e+01
1.725000000000000000e+01
1.775000000000000000e+01
1.825000000000000000e+01
1.875000000000000000e+01
1.925000000000000000e+01
1.975000000000000000e+01
2.025000000000000000e+01
2.075000000000000000e+01
2.125000000000000000e+01
2.175000000000000000e+01
2.225000000000000000e+01
2.275000000000000000e+01
2.325000000000000000e+01
2.375000000000000000e+01
2.425000000000000000e+01
2.475000000000000000e+01
2.525000000000000000e+01
2.575000000000000000e+01
2.625000000000000000e+01
2.675000000000000000e+01
2.725000000000000000e+01
2.775000000000000000e+01
2.825000000000000000e+01
2.875000000000000000e+01
2.925000000000000000e+01
2.975000000000000000e+01
3.025000000000000000e+01
3.075000000000000000e+01
3.125000000000000000e+01
3.175000000000000000e+01
3.225000000000000000e+01
3.275000000000000000e+01
3.325000000000000000e+01
3.375000000000000000e+01
3.425000000000000000e+01
3.475000000000000000e+01
3.525000000000000000e+01
3.575000000000000000e+01
3.625000000000000000e+01
3.675000000000000000e+01
3.725000000000000000e+01
3.775000000000000000e+01
3.825000000000000000e+01
3.875000000000000000e+01
3.925000000000000000e+01
3.975000000000000000e+01
4.025000000000000000e+01
4.075000000000000000e+01
4.125000000000000000e+01
4.175000000000000000e+01
4.225000000000000000e+01
4.275000000000000000e+01
4.325000000000000000e+01
4.375000000000000000e+01
4.425000000000000000e+01
4.475000000000000000e+01
4.525000000000000000e+01
4.575000000000000000e+01
4.625000000000000000e+01
4.675000000000000000e+01
4.725000000000000000e+01
4.775000000000000000e+01
4.825000000000000000e+01
4.875000000000000000e+01
4.925000000000000000e+01
4.975000000000000000e+01
5.025000000000000000e+01
5.075000000000000000e+01
5.125000000000000000e+01
5.175000000000000000e+01
5.225000000000000000e+01
5.275000000000000000e+01
5.325000000000000000e+01
5.375000000000000000e+01
5.425000000000000000e+01
5.475000000000000000e+01
5.525000000000000000e+01
5.575000000000000000e+01
5.625000000000000000e+01
5.675000000000000000e+01
5.725000000000000000e+01
5.775000000000000000e+01
5.825000000000000000e+01
5.875000000000000000e+01
5.925000000000000000e+01
5.975000000000000000e+01
6.025000000000000000e+01
6.075000000000000000e+01
6.125000000000000000e+01
6.175000000000000000e+01
6.225000000000000000e+01
6.275000000000000000e+01
6.325000000000000000e+01
6.375000000000000000e+01
6.425000000000000000e+01
6.475000000000000000e+01
6.525000000000000000e+01
6.575000000000000000e+01
6.625000000000000000e+01
6.675000000000000000e+01
6.725000000000000000e+01
6.775000000000000000e+01
6.825000000000000000e+01
6.875000000000000000e+01
6.925000000000000000e+01
6.975000000000000000e+01
7.025000000000000000e+01
7.075000000000000000e+01
7.125000000000000000e+01
7.175000000000000000e+01
7.225000000000000000e+01
7.275000000000000000e+01
7.325000000000000000e+01
7.375000000000000000e+01
7.425000000000000000e+01
7.475000000000000000e+01
7.525000000000000000e+01
7.575000000000000000e+01
7.625000000000000000e+01
7.675000000000000000e+01
7.725000000000000000e+01
7.775000000000000000e+01
7.825000000000000000e+01
7.875000000000000000e+01
7.925000000000000000e+01
7.975000000000000000e+01
8.025000000000000000e+01
8.075000000000000000e+01
8.125000000000000000e+01
8.175000000000000000e+01
8.225000000000000000e+01
8.275000000000000000e+01
8.325000000000000000e+01
8.375000000000000000e+01
8.425000000000000000e+01
8.475000000000000000e+01
8.525000000000000000e+01
8.575000000000000000e+01
8.625000000000000000e+01
8.675000000000000000e+01
8.725000000000000000e+01
8.775000000000000000e+01
8.825000000000000000e+01
8.875000000000000000e+01
8.925000000000000000e+01
8.975000000000000000e+01
9.025000000000000000e+01
9.075000000000000000e+01
9.125000000000000000e+01
9.175000000000000000e+01
9.225000000000000000e+01
9.275000000000000000e+01
9.325000000000000000e+01
9.375000000000000000e+01
9.425000000000000000e+01
9.475000000000000000e+01
9.525000000000000000e+01
9.575000000000000000e+01
9.625000000000000000e+01
9.675000000000000000e+01
9.725000000000000000e+01
9.775000000000000000e+01
9.825000000000000000e+01
9.875000000000000000e+01
9.925000000000000000e+01
9.975000000000000000e+01
1.002500000000000000e+02
1.007500000000000000e+02
1.012500000000000000e+02
1.017500000000000000e+02
1.022500000000000000e+02
1.027500000000000000e+02
1.032500000000000000e+02
1.037500000000000000e+02
1.042500000000000000e+02
1.047500000000000000e+02
1.052500000000000000e+02
1.057500000000000000e+02
1.062500000000000000e+02
1.067500000000000000e+02
1.072500000000000000e+02
1.077500000000000000e+02
1.082500000000000000e+02
1.087500000000000000e+02
1.092500000000000000e+02
1.097500000000000000e+02
1.102500000000000000e+02
1.107500000000000000e+02
1.112500000000000000e+02
1.117500000000000000e+02
1.122500000000000000e+02
1.127500000000000000e+02
1.132500000000000000e+02
1.137500000000000000e+02
1.142500000000000000e+02
1.147500000000000000e+02
1.152500000000000000e+02
1.157500000000000000e+02
1.162500000000000000e+02
1.167500000000000000e+02
1.172500000000000000e+02
1.177500000000000000e+02
1.182500000000000000e+02
1.187500000000000000e+02
1.192500000000000000e+02
1.197500000000000000e+02
1.202500000000000000e+02
1.207500000000000000e+02
1.212500000000000000e+02
1.217500000000000000e+02
1.222500000000000000e+02
1.227500000000000000e+02
1.232500000000000000e+02
1.237500000000000000e+02
1.242500000000000000e+02
1.247500000000000000e+02
1.252500000000000000e+02
1.257500000000000000e+02
1.262500000000000000e+02
1.267500000000000000e+02
1.272500000000000000e+02
1.277500000000000000e+02
1.282500000000000000e+02
1.287500000000000000e+02
1.292500000000000000e+02
1.297500000000000000e+02
1.302500000000000000e+02
1.307500000000000000e+02
1.312500000000000000e+02
1.317500000000000000e+02
1.322500000000000000e+02
1.327500000000000000e+02
1.332500000000000000e+02
1.337500000000000000e+02
1.342500000000000000e+02
1.347500000000000000e+02
1.352500000000000000e+02
1.357500000000000000e+02
1.362500000000000000e+02
1.367500000000000000e+02
1.372500000000000000e+02
1.377500000000000000e+02
1.382500000000000000e+02
1.387500000000000000e+02
1.392500000000000000e+02
1.397500000000000000e+02
1.402500000000000000e+02
1.407500000000000000e+02
1.412500000000000000e+02
1.417500000000000000e+02
1.422500000000000000e+02
1.427500000000000000e+02
1.432500000000000000e+02
1.437500000000000000e+02
1.442500000000000000e+02
1.447500000000000000e+02
1.452500000000000000e+02
1.457500000000000000e+02
1.462500000000000000e+02
1.467500000000000000e+02
1.472500000000000000e+02
1.477500000000000000e+02
1.482500000000000000e+02
1.487500000000000000e+02
1.492500000000000000e+02
1.497500000000000000e+02
